312809006001
327804009002
332809002003
392804005004
325809008005
132804001006
372809004007
323804007008
932809000009
932180001010
352680004011
321180007012
732680000013
332180003014
329680006015
532180009016
312680002017
327180005018
332680008019
332880009020
392830002021
325880005022
132830008023
372880001024
323830004025
932880007026
352830000027
321880003028
732830006029
732805007030
332800000031
329805003032
532800006033
312805009034
327800002035
332805005036
392800008037
325805001038
132800004039
132280005040
372780008041
323280001042
932780004043
352280007044
321780000045
732280003046
332780006047
329280009048
532780002049
532890003050