322901300001
328906600002
432901900003
302906200004
326901500005
232906800006
382901100007
324906400008
032901700009
032390800010
362890100011
322390400012
832890700013
342390000014
320890300015
632390600016
322890900017
328390200018
432890500019
432900600020
302950900021
326900200022
232950500023
382900800024
324950100025
032900400026
362950700027
322900000028
832950300029
832907400030
342902700031
320907000032
632902300033
322907600034
328902900035
432907200036
302902500037
326907800038
232902100039
232490200040
382990500041
324490800042
032990100043
362490400044
322990700045
832490000046
342990300047
320490600048
632990900049
632910000050