352002601001
321007901002
732002201003
332007501004
329002801005
532007101006
312002401007
327007701008
332002001009
332400101010
392900401011
325400701012
132900001013
372400301014
323900601015
932400901016
352900201017
321400501018
732900801019
732010901020
332060201021
329010501022
532060801023
312010101024
327060401025
332010701026
392060001027
325010301028
132060601029
132008701030
372003001031
323008301032
932003601033
352008901034
321003201035
732008501036
332003801037
329008101038
532003401039
532500501040
312000801041
327500101042
332000401043
392500701044
325000001045
132500301046
372000601047
323500901048
932000201049
932020301050
352070601051
321020901052
732070201053
332020501054
329070801055
532020101056
312070401057
327020701058
332070001059
332009101060
392004401061
325009701062
132004001063
372009301064
323004601065
932009901066
352004201067
321009501068
732004801069
732600901070
332100201071
329600501072
532100801073
312600101074
327100401075
332600701076
392100001077
325600301078
132100601079
132030701080
372080001081
323030301082
932080601083
352030901084
321080201085
732030501086
332080801087
329030101088
532080401089
532000501090
312005801091
327000101092
332005401093
392000701094
325005001095
132000301096
372005601097
323000901098
932005201099
732000041100
332005071101
329000001102
532005031103
312000061104
327005091105
332000021106
392005051107
325000081108
132005011109
132700021110
372200051111
323700081112
932200011113
352700041114
321200071115
732700001116
332200031117
329700061118
532200091119
532040001120
312090031121
327040061122
332090091123
392040021124
325090051125
132040081126
372090011127
323040041128
932090071129
932001081130
352006011131
321001041132
732006071133
332001001134
329006031135
532001061136
312006091137
327001021138
332006051139
332800061140
392300091141
325800021142
132300051143
372800081144
323300011145
932800041146
352300071147
321800001148
732300031149
732050041150
332000071151
329050001152
532000031153
312050061154
327000091155
332050021156
392000051157
325050081158
132000011159
132002021160
372007051161
323002081162
932007011163
352002041164
321007071165
732002001166
332007031167
329002061168
532007091169
532900001170
312400031171
327900061172
332400091173
392900021174
325400051175
132900081176
372400011177
323900041178
932400071179
932060081180
352010011181
321060041182
732010071183
332060001184
329010031185
532060061186
312010091187
327060021188
332010051189
332003061190
392008091191
325003021192
132008051193
372003081194
323008011195
932003041196
352008071197
321003001198
732008031199
532003015200
312008018201
327003011202
332008014203
392003017204
325008010205
132003013206
372008016207
323003019208
932008012209
932000013210
352500016211
321000019212
732500012213
332000015214
329500018215
532000011216
312500014217
327000017218
332500010219
332070011220
392020014221
325070017222
132020010223
372070013224
323020016225
932070019226
352020012227
321070015228
732020018229
732004019230
332009012231
329004015232
532009018233
312004011234
327009014235
332004017236
392009010237
325004013238
132009016239
132100017240
372600010241
323100013242
932600016243
352100019244
321600012245
732100015246
332600018247
329100011248
532600014249
532080015250
312030018251
327080011252
332030014253
392080017254
325030010255
132080013256
372030016257
323080019258
932030012259
932005013260
352000016261
321005019262
732000012263
332005015264
329000018265
532005011266
312000014267
327005017268
332000010269
332200011270
392700014271
325200017272
132700010273
372200013274
323700016275
932200019276
352700012277
321200015278
732700018279
732090019280
332040012281
329090015282
532040018283
312090011284
327040014285
332090017286
392040010287
325090013288
132040016289
132006017290
372001010291
323006013292
932001016293
352006019294
321001012295
732006015296
332001018297
329006011298
532001014299
332006601300
392001901301
325006201302
132001501303
372006801304
323001101305
932006401306
352001701307
321006001308
732001301309
732300401310
332800701311
329300001312
532800301313
312300601314
327800901315
332300201316
392800501317
325300801318
132800101319
132000201320
372050501321
323000801322
932050101323
352000401324
321050701325
732000001326
332050301327
329000601328
532050901329
532007001330
312002301331
327007601332
332002901333
392007201334
325002501335
132007801336
372002101337
323007401338
932002701339
932400801340
352900101341
321400401342
732900701343
332400001344
329900301345
532400601346
312900901347
327400201348
332900501349
332010601350
392060901351
325010201352
132060501353
372010801354
323060101355
932010401356
352060701357
321010001358
732060301359
732008401360
332003701361
329008001362
532003301363
312008601364
327003901365
332008201366
392003501367
325008801368
132003101369
132500201370
372000501371
323500801372
932000101373
352500401374
321000701375
732500001376
332000301377
329500601378
532000901379
532020001380
312070301381
327020601382
332070901383
392020201384
325070501385
132020801386
372070101387
323020401388
932070701389
932009801390
352004101391
321009401392
732004701393
332009001394
329004301395
532009601396
312004901397
327009201398
332004501399
132009071400
372004001401
323009031402
932004061403
352009091404
321004021405
732009051406
332004081407
329009011408
532004041409
532600051410
312100081411
327600011412
332100041413
392600071414
325100001415
132600031416
372100061417
323600091418
932100021419
932030031420
352080061421
321030091422
732080021423
332030051424
329080081425
532030011426
312080041427
327030071428
332080001429
332000011430
392005041431
325000071432
132005001433
372000031434
323005061435
932000091436
352005021437
321000051438
732005081439
732700091440
332200021441
329700051442
532200081443
312700011444
327200041445
332700071446
392200001447
325700031448
132200061449
132040071450
372090001451
323040031452
932090061453
352040091454
321090021455
732040051456
332090081457
329040011458
532090041459
532001051460
312006081461
327001011462
332006041463
392001071464
325006001465
132001031466
372006061467
323001091468
932006021469
932800031470
352300061471
321800091472
732300021473
332800051474
329300081475
532800011476
312300041477
327800071478
332300001479
332050011480
392000041481
325050071482
132000001483
372050031484
323000061485
932050091486
352000021487
321050051488
732000081489
732002091490
332007021491
329002051492
532007081493
312002011494
327007041495
332002071496
392007001497
325002031498
132007061499
932002018500
352007011501
321002014502
732007017503
332002010504
329007013505
532002016506
312007019507
327002012508
332007015509
332900016510
392400019511
325900012512
132400015513
372900018514
323400011515
932900014516
352400017517
321900010518
732400013519
732060014520
332010017521
329060010522
532010013523
312060016524
327010019525
332060012526
392010015527
325060018528
132010011529
132003012530
372008015531
323003018532
932008011533
352003014534
321008017535
732003010536
332008013537
329003016538
532008019539
532000010540
312500013541
327000016542
332500019543
392000012544
325500015545
132000018546
372500011547
323000014548
932500017549
932070018550
352020011551
321070014552
732020017553
332070010554
329020013555
532070016556
312020019557
327070012558
332020015559
332004016560
392009019561
325004012562
132009015563
372004018564
323009011565
932004014566
352009017567
321004010568
732009013569
732100014570
332600017571
329100010572
532600013573
312100016574
327600019575
332100012576
392600015577
325100018578
132600011579
132080012580
372030015581
323080018582
932030011583
352080014584
321030017585
732080010586
332030013587
329080016588
532030019589
532005010590
312000013591
327005016592
332000019593
392005012594
325000015595
132005018596
372000011597
323005014598
932000017599
732005901600
332000201601
329005501602
532000801603
312005101604
327000401605
332005701606
392000001607
325005301608
132000601609
132200701610
372700001611
323200301612
932700601613
352200901614
321700201615
732200501616
332700801617
329200101618
532700401619
532090501620
312040801621
327090101622
332040401623
392090701624
325040001625
132090301626
372040601627
323090901628
932040201629
932006301630
352001601631
321006901632
732001201633
332006501634
329001801635
532006101636
312001401637
327006701638
332001001639
332300101640
392800401641
325300701642
132800001643
372300301644
323800601645
932300901646
352800201647
321300501648
732800801649
732000901650
332050201651
329000501652
532050801653
312000101654
327050401655
332000701656
392050001657
325000301658
132050601659
132007701660
372002001661
323007301662
932002601663
352007901664
321002201665
732007501666
332002801667
329007101668
532002401669
532400501670
312900801671
327400101672
332900401673
392400701674
325900001675
132400301676
372900601677
323400901678
932900201679
932010301680
352060601681
321010901682
732060201683
332010501684
329060801685
532010101686
312060401687
327010701688
332060001689
332008101690
392003401691
325008701692
132003001693
372008301694
323003601695
932008901696
352003201697
321008501698
732003801699
532008001700
312003031701
327008061702
332003091703
392008021704
325003051705
132008081706
372003011707
323008041708
932003071709
932500081710
352000011711
321500041712
732000071713
332500001714
329000031715
532500061716
312000091717
327500021718
332000051719
332020061720
392070091721
325020021722
132070051723
372020081724
323070011725
932020041726
352070071727
321020001728
732070031729
732009041730
332004071731
329009001732
532004031733
312009061734
327004091735
332009021736
392004051737
325009081738
132004011739
132600021740
372100051741
323600081742
932100011743
352600041744
321100071745
732600001746
332100031747
329600061748
532100091749
532030001750
312080031751
327030061752
332080091753
392030021754
325080051755
132030081756
372080011757
323030041758
932080071759
932000081760
352005011761
321000041762
732005071763
332000001764
329005031765
532000061766
312005091767
327000021768
332005051769
332700061770
392200091771
325700021772
132200051773
372700081774
323200011775
932700041776
352200071777
321700001778
732200031779
732040041780
332090071781
329040001782
532090031783
312040061784
327090091785
332040021786
392090051787
325040081788
132090011789
132001021790
372006051791
323001081792
932006011793
352001041794
321006071795
732001001796
332006031797
329001061798
532006091799
332001011800
392006014801
325001017802
132006010803
372001013804
323006016805
932001019806
352006012807
321001015808
732006018809
732800019810
332300012811
329800015812
532300018813
312800011814
327300014815
332800017816
392300010817
325800013818
132300016819
132050017820
372000010821
323050013822
932000016823
352050019824
321000012825
732050015826
332000018827
329050011828
532000014829
532002015830
312007018831
327002011832
332007014833
392002017834
325007010835
132002013836
372007016837
323002019838
932007012839
932900013840
352400016841
321900019842
732400012843
332900015844
329400018845
532900011846
312400014847
327900017848
332400010849
332060011850
392010014851
325060017852
132010010853
372060013854
323010016855
932060019856
352010012857
321060015858
732010018859
732003019860
332008012861
329003015862
532008018863
312003011864
327008014865
332003017866
392008010867
325003013868
132008016869
132000017870
372500010871
323000013872
932500016873
352000019874
321500012875
732000015876
332500018877
329000011878
532500014879
532070015880
312020018881
327070011882
332020014883
392070017884
325020010885
132070013886
372020016887
323070019888
932020012889
932004013890
352009016891
321004019892
732009012893
332004015894
329009018895
532004011896
312009014897
327004017898
332009010899
132004201900
372009501901
323004801902
932009101903
352004401904
321009701905
732004001906
332009301907
329004601908
532009901909
532100001910
312600301911
327100601912
332600901913
392100201914
325600501915
132100801916
372600101917
323100401918
932600701919
932080801920
352030101921
321080401922
732030701923
332080001924
329030301925
532080601926
312030901927
327080201928
332030501929
332005601930
392000901931
325005201932
132000501933
372005801934
323000101935
932005401936
352000701937
321005001938
732000301939
732200401940
332700701941
329200001942
532700301943
312200601944
327700901945
332200201946
392700501947
325200801948
132700101949
132090201950
372040501951
323090801952
932040101953
352090401954
321040701955
732090001956
332040301957
329090601958
532040901959
532006001960
312001301961
327006601962
332001901963
392006201964
325001501965
132006801966
372001101967
323006401968
932001701969
932300801970
352800101971
321300401972
732800701973
332300001974
329800301975
532300601976
312800901977
327300201978
332800501979
332000601980
392050901981
325000201982
132050501983
372000801984
323050101985
932000401986
352050701987
321000001988
732050301989
732007401990
332002701991
329007001992
532002301993
312007601994
327002901995
332007201996
392002501997
325007801998
132002101999
132006902000