302008016001
326003316002
232008616003
382003916004
324008216005
032003516006
362008816007
322003116008
832008416009
832000516010
342500816011
320000116012
632500416013
322000716014
328500016015
432000316016
302500616017
326000916018
232500216019
232070316020
382020616021
324070916022
032020216023
362070516024
322020816025
832070116026
342020416027
320070716028
632020016029
632004116030
322009416031
328004716032
432009016033
302004316034
326009616035
232004916036
382009216037
324004516038
032009816039
032100916040
362600216041
322100516042
832600816043
342100116044
320600416045
632100716046
322600016047
328100316048
432600616049
432080716050
302030016051
326080316052
232030616053
382080916054
324030216055
032080516056
362030816057
322080116058
832030416059
832005516060
342000816061
320005116062
632000416063
322005716064
328000016065
432005316066
302000616067
326005916068
232000216069
232200316070
382700616071
324200916072
032700216073
362200516074
322700816075
832200116076
342700416077
320200716078
632700016079
632090116080
322040416081
328090716082
432040016083
302090316084
326040616085
232090916086
382040216087
324090516088
032040816089
032006916090
362001216091
322006516092
832001816093
342006116094
320001416095
632006716096
322001016097
328006316098
432001616099
232006186100
382001116101
324006146102
032001176103
362006106104
322001136105
832006166106
342001196107
320006126108
632001156109
632300166110
322800196111
328300126112
432800156113
302300186114
326800116115
232300146116
382800176117
324300106118
032800136119
032000146120
362050176121
322000106122
832050136123
342000166124
320050196125
632000126126
322050156127
328000186128
432050116129
432007126130
302002156131
326007186132
232002116133
382007146134
324002176135
032007106136
362002136137
322007166138
832002196139
832400106140
342900136141
320400166142
632900196143
322400126144
328900156145
432400186146
302900116147
326400146148
232900176149
232010186150
382060116151
324010146152
032060176153
362010106154
322060136155
832010166156
342060196157
320010126158
632060156159
632008166160
322003196161
328008126162
432003156163
302008186164
326003116165
232008146166
382003176167
324008106168
032003136169
032500146170
362000176171
322500106172
832000136173
342500166174
320000196175
632500126176
322000156177
328500186178
432000116179
432020126180
302070156181
326020186182
232070116183
382020146184
324070176185
032020106186
362070136187
322020166188
832070196189
832009106190
342004136191
320009166192
632004196193
322009126194
328004156195
432009186196
302004116197
326009146198
232004176199
032009169200
362004162201
322009165202
832004168203
342009161204
320004164205
632009167206
322004160207
328009163208
432004166209
432600167210
302100160211
326600163212
232100166213
382600169214
324100162215
032600165216
362100168217
322600161218
832100164219
832030165220
342080168221
320030161222
632080164223
322030167224
328080160225
432030163226
302080166227
326030169228
232080162229
232000163230
382005166231
324000169232
032005162233
362000165234
322005168235
832000161236
342005164237
320000167238
632005160239
632700161240
322200164241
328700167242
432200160243
302700163244
326200166245
232700169246
382200162247
324700165248
032200168249
032040169250
362090162251
322040165252
832090168253
342040161254
320090164255
632040167256
322090160257
328040163258
432090166259
432001167260
302006160261
326001163262
232006166263
382001169264
324006162265
032001165266
362006168267
322001161268
832006164269
832800165270
342300168271
320800161272
632300164273
322800167274
328300160275
432800163276
302300166277
326800169278
232300162279
232050163280
382000166281
324050169282
032000162283
362050165284
322000168285
832050161286
342000164287
320050167288
632000160289
632002161290
322007164291
328002167292
432007160293
302002163294
326007166295
232002169296
382007162297
324002165298
032007168299
832002016300
342007316301
320002616302
632007916303
322002216304
328007516305
432002816306
302007116307
326002416308
232007716309
232900816310
382400116311
324900416312
032400716313
362900016314
322400316315
832900616316
342400916317
320900216318
632400516319
632060616320
322010916321
328060216322
432010516323
302060816324
326010116325
232060416326
382010716327
324060016328
032010316329
032003416330
362008716331
322003016332
832008316333
342003616334
320008916335
632003216336
322008516337
328003816338
432008116339
432000216340
302500516341
326000816342
232500116343
382000416344
324500716345
032000016346
362500316347
322000616348
832500916349
832070016350
342020316351
320070616352
632020916353
322070216354
328020516355
432070816356
302020116357
326070416358
232020716359
232004816360
382009116361
324004416362
032009716363
362004016364
322009316365
832004616366
342009916367
320004216368
632009516369
632100616370
322600916371
328100216372
432600516373
302100816374
326600116375
232100416376
382600716377
324100016378
032600316379
032080416380
362030716381
322080016382
832030316383
342080616384
320030916385
632080216386
322030516387
328080816388
432030116389
432005216390
302000516391
326005816392
232000116393
382005416394
324000716395
032005016396
362000316397
322005616398
832000916399
632005116400
322000146401
328005176402
432000106403
302005136404
326000166405
232005196406
382000126407
324005156408
032000186409
032200196410
362700126411
322200156412
832700186413
342200116414
320700146415
632200176416
322700106417
328200136418
432700166419
432090176420
302040106421
326090136422
232040166423
382090196424
324040126425
032090156426
362040186427
322090116428
832040146429
832006156430
342001186431
320006116432
632001146433
322006176434
328001106435
432006136436
302001166437
326006196438
232001126439
232300136440
382800166441
324300196442
032800126443
362300156444
322800186445
832300116446
342800146447
320300176448
632800106449
632000116450
322050146451
328000176452
432050106453
302000136454
326050166455
232000196456
382050126457
324000156458
032050186459
032007196460
362002126461
322007156462
832002186463
342007116464
320002146465
632007176466
322002106467
328007136468
432002166469
432400176470
302900106471
326400136472
232900166473
382400196474
324900126475
032400156476
362900186477
322400116478
832900146479
832010156480
342060186481
320010116482
632060146483
322010176484
328060106485
432010136486
302060166487
326010196488
232060126489
232008136490
382003166491
324008196492
032003126493
362008156494
322003186495
832008116496
342003146497
320008176498
632003106499
432008162500
302003165501
326008168502
232003161503
382008164504
324003167505
032008160506
362003163507
322008166508
832003169509
832500160510
342000163511
320500166512
632000169513
322500162514
328000165515
432500168516
302000161517
326500164518
232000167519
232020168520
382070161521
324020164522
032070167523
362020160524
322070163525
832020166526
342070169527
320020162528
632070165529
632009166530
322004169531
328009162532
432004165533
302009168534
326004161535
232009164536
382004167537
324009160538
032004163539
032600164540
362100167541
322600160542
832100163543
342600166544
320100169545
632600162546
322100165547
328600168548
432100161549
432030162550
302080165551
326030168552
232080161553
382030164554
324080167555
032030160556
362080163557
322030166558
832080169559
832000160560
342005163561
320000166562
632005169563
322000162564
328005165565
432000168566
302005161567
326000164568
232005167569
232700168570
382200161571
324700164572
032200167573
362700160574
322200163575
832700166576
342200169577
320700162578
632200165579
632040166580
322090169581
328040162582
432090165583
302040168584
326090161585
232040164586
382090167587
324040160588
032090163589
032001164590
362006167591
322001160592
832006163593
342001166594
320006169595
632001162596
322006165597
328001168598
432006161599
232001316600
382006616601
324001916602
032006216603
362001516604
322006816605
832001116606
342006416607
320001716608
632006016609
632800116610
322300416611
328800716612
432300016613
302800316614
326300616615
232800916616
382300216617
324800516618
032300816619
032050916620
362000216621
322050516622
832000816623
342050116624
320000416625
632050716626
322000016627
328050316628
432000616629
432002716630
302007016631
326002316632
232007616633
382002916634
324007216635
032002516636
362007816637
322002116638
832007416639
832900516640
342400816641
320900116642
632400416643
322900716644
328400016645
432900316646
302400616647
326900916648
232400216649
232060316650
382010616651
324060916652
032010216653
362060516654
322010816655
832060116656
342010416657
320060716658
632010016659
632003116660
322008416661
328003716662
432008016663
302003316664
326008616665
232003916666
382008216667
324003516668
032008816669
032000916670
362500216671
322000516672
832500816673
342000116674
320500416675
632000716676
322500016677
328000316678
432500616679
432070716680
302020016681
326070316682
232020616683
382070916684
324020216685
032070516686
362020816687
322070116688
832020416689
832004516690
342009816691
320004116692
632009416693
322004716694
328009016695
432004316696
302009616697
326004916698
232009216699
032004146700
362009176701
322004106702
832009136703
342004166704
320009196705
632004126706
322009156707
328004186708
432009116709
432100126710
302600156711
326100186712
232600116713
382100146714
324600176715
032100106716
362600136717
322100166718
832600196719
832080106720
342030136721
320080166722
632030196723
322080126724
328030156725
432080186726
302030116727
326080146728
232030176729
232005186730
382000116731
324005146732
032000176733
362005106734
322000136735
832005166736
342000196737
320005126738
632000156739
632200166740
322700196741
328200126742
432700156743
302200186744
326700116745
232200146746
382700176747
324200106748
032700136749
032090146750
362040176751
322090106752
832040136753
342090166754
320040196755
632090126756
322040156757
328090186758
432040116759
432006126760
302001156761
326006186762
232001116763
382006146764
324001176765
032006106766
362001136767
322006166768
832001196769
832300106770
342800136771
320300166772
632800196773
322300126774
328800156775
432300186776
302800116777
326300146778
232800176779
232000186780
382050116781
324000146782
032050176783
362000106784
322050136785
832000166786
342050196787
320000126788
632050156789
632007166790
322002196791
328007126792
432002156793
302007186794
326002116795
232007146796
382002176797
324007106798
032002136799
832007165800
342002168801
320007161802
632002164803
322007167804
328002160805
432007163806
302002166807
326007169808
232002162809
232400163810
382900166811
324400169812
032900162813
362400165814
322900168815
832400161816
342900164817
320400167818
632900160819
632010161820
322060164821
328010167822
432060160823
302010163824
326060166825
232010169826
382060162827
324010165828
032060168829
032008169830
362003162831
322008165832
832003168833
342008161834
320003164835
632008167836
322003160837
328008163838
432003166839
432500167840
302000160841
326500163842
232000166843
382500169844
324000162845
032500165846
362000168847
322500161848
832000164849
832020165850
342070168851
320020161852
632070164853
322020167854
328070160855
432020163856
302070166857
326020169858
232070162859
232009163860
382004166861
324009169862
032004162863
362009165864
322004168865
832009161866
342004164867
320009167868
632004160869
632600161870
322100164871
328600167872
432100160873
302600163874
326100166875
232600169876
382100162877
324600165878
032100168879
032030169880
362080162881
322030165882
832080168883
342030161884
320080164885
632030167886
322080160887
328030163888
432080166889
432000167890
302005160891
326000163892
232005166893
382000169894
324005162895
032000165896
362005168897
322000161898
832005164899
632000616900
322005916901
328000216902
432005516903
302000816904
326005116905
232000416906
382005716907
324000016908
032005316909
032700416910
362200716911
322700016912
832200316913
342700616914
320200916915
632700216916
322200516917
328700816918
432200116919
432040216920
302090516921
326040816922
232090116923
382040416924
324090716925
032040016926
362090316927
322040616928
832090916929
832001016930
342006316931
320001616932
632006916933
322001216934
328006516935
432001816936
302006116937
326001416938
232006716939
232800816940
382300116941
324800416942
032300716943
362800016944
322300316945
832800616946
342300916947
320800216948
632300516949
632050616950
322000916951
328050216952
432000516953
302050816954
326000116955
232050416956
382000716957
324050016958
032000316959
032002416960
362007716961
322002016962
832007316963
342002616964
320007916965
632002216966
322007516967
328002816968
432007116969
432900216970
302400516971
326900816972
232400116973
382900416974
324400716975
032900016976
362400316977
322900616978
832400916979
832060016980
342010316981
320060616982
632010916983
322060216984
328010516985
432060816986
302010116987
326060416988
232010716989
232003816990
382008116991
324003416992
032008716993
362003016994
322008316995
832003616996
342008916997
320003216998
632008516999
632002317000