312009404001
327004704002
332009004003
392004304004
325009604005
132004904006
372009204007
323004504008
932009804009
932100904010
352600204011
321100504012
732600804013
332100104014
329600404015
532100704016
312600004017
327100304018
332600604019
332080704020
392030004021
325080304022
132030604023
372080904024
323030204025
932080504026
352030804027
321080104028
732030404029
732005504030
332000804031
329005104032
532000404033
312005704034
327000004035
332005304036
392000604037
325005904038
132000204039
132200304040
372700604041
323200904042
932700204043
352200504044
321700804045
732200104046
332700404047
329200704048
532700004049
532090104050
312040404051
327090704052
332040004053
392090304054
325040604055
132090904056
372040204057
323090504058
932040804059
932006904060
352001204061
321006504062
732001804063
332006104064
329001404065
532006704066
312001004067
327006304068
332001604069
332300704070
392800004071
325300304072
132800604073
372300904074
323800204075
932300504076
352800804077
321300104078
732800404079
732000504080
332050804081
329000104082
532050404083
312000704084
327050004085
332000304086
392050604087
325000904088
132050204089
132007304090
372002604091
323007904092
932002204093
352007504094
321002804095
732007104096
332002404097
329007704098
532002004099
332007024100
392002054101
325007084102
132002014103
372007044104
323002074105
932007004106
352002034107
321007064108
732002094109
732400004110
332900034111
329400064112
532900094113
312400024114
327900054115
332400084116
392900014117
325400044118
132900074119
132010084120
372060014121
323010044122
932060074123
352010004124
321060034125
732010064126
332060094127
329010024128
532060054129
532008064130
312003094131
327008024132
332003054133
392008084134
325003014135
132008044136
372003074137
323008004138
932003034139
932500044140
352000074141
321500004142
732000034143
332500064144
329000094145
532500024146
312000054147
327500084148
332000014149
332020024150
392070054151
325020084152
132070014153
372020044154
323070074155
932020004156
352070034157
321020064158
732070094159
732009004160
332004034161
329009064162
532004094163
312009024164
327004054165
332009084166
392004014167
325009044168
132004074169
132600084170
372100014171
323600044172
932100074173
352600004174
321100034175
732600064176
332100094177
329600024178
532100054179
532030064180
312080094181
327030024182
332080054183
392030084184
325080014185
132030044186
372080074187
323030004188
932080034189
932000044190
352005074191
321000004192
732005034193
332000064194
329005094195
532000024196
312005054197
327000084198
332005014199
132000043200
372005046201
323000049202
932005042203
352000045204
321005048205
732000041206
332005044207
329000047208
532005040209
532700041210
312200044211
327700047212
332200040213
392700043214
325200046215
132700049216
372200042217
323700045218
932200048219
932040049220
352090042221
321040045222
732090048223
332040041224
329090044225
532040047226
312090040227
327040043228
332090046229
332001047230
392006040231
325001043232
132006046233
372001049234
323006042235
932001045236
352006048237
321001041238
732006044239
732800045240
332300048241
329800041242
532300044243
312800047244
327300040245
332800043246
392300046247
325800049248
132300042249
132050043250
372000046251
323050049252
932000042253
352050045254
321000048255
732050041256
332000044257
329050047258
532000040259
532002041260
312007044261
327002047262
332007040263
392002043264
325007046265
132002049266
372007042267
323002045268
932007048269
932900049270
352400042271
321900045272
732400048273
332900041274
329400044275
532900047276
312400040277
327900043278
332400046279
332060047280
392010040281
325060043282
132010046283
372060049284
323010042285
932060045286
352010048287
321060041288
732010044289
732003045290
332008048291
329003041292
532008044293
312003047294
327008040295
332003043296
392008046297
325003049298
132008042299
932003404300
352008704301
321003004302
732008304303
332003604304
329008904305
532003204306
312008504307
327003804308
332008104309
332000204310
392500504311
325000804312
132500104313
372000404314
323500704315
932000004316
352500304317
321000604318
732500904319
732070004320
332020304321
329070604322
532020904323
312070204324
327020504325
332070804326
392020104327
325070404328
132020704329
132004804330
372009104331
323004404332
932009704333
352004004334
321009304335
732004604336
332009904337
329004204338
532009504339
532100604340
312600904341
327100204342
332600504343
392100804344
325600104345
132100404346
372600704347
323100004348
932600304349
932080404350
352030704351
321080004352
732030304353
332080604354
329030904355
532080204356
312030504357
327080804358
332030104359
332005204360
392000504361
325005804362
132000104363
372005404364
323000704365
932005004366
352000304367
321005604368
732000904369
732200004370
332700304371
329200604372
532700904373
312200204374
327700504375
332200804376
392700104377
325200404378
132700704379
132090804380
372040104381
323090404382
932040704383
352090004384
321040304385
732090604386
332040904387
329090204388
532040504389
532006604390
312001904391
327006204392
332001504393
392006804394
325001104395
132006404396
372001704397
323006004398
932001304399
732006054400
332001084401
329006014402
532001044403
312006074404
327001004405
332006034406
392001064407
325006094408
132001024409
132300034410
372800064411
323300094412
932800024413
352300054414
321800084415
732300014416
332800044417
329300074418
532800004419
532000014420
312050044421
327000074422
332050004423
392000034424
325050064425
132000094426
372050024427
323000054428
932050084429
932007094430
352002024431
321007054432
732002084433
332007014434
329002044435
532007074436
312002004437
327007034438
332002064439
332400074440
392900004441
325400034442
132900064443
372400094444
323900024445
932400054446
352900084447
321400014448
732900044449
732010054450
332060084451
329010014452
532060044453
312010074454
327060004455
332010034456
392060064457
325010094458
132060024459
132008034460
372003064461
323008094462
932003024463
352008054464
321003084465
732008014466
332003044467
329008074468
532003004469
532500014470
312000044471
327500074472
332000004473
392500034474
325000064475
132500094476
372000024477
323500054478
932000084479
932020094480
352070024481
321020054482
732070084483
332020014484
329070044485
532020074486
312070004487
327020034488
332070064489
332009074490
392004004491
325009034492
132004064493
372009094494
323004024495
932009054496
352004084497
321009014498
732004044499
532009046500
312004049501
327009042502
332004045503
392009048504
325004041505
132009044506
372004047507
323009040508
932004043509
932600044510
352100047511
321600040512
732100043513
332600046514
329100049515
532600042516
312100045517
327600048518
332100041519
332030042520
392080045521
325030048522
132080041523
372030044524
323080047525
932030040526
352080043527
321030046528
732080049529
732000040530
332005043531
329000046532
532005049533
312000042534
327005045535
332000048536
392005041537
325000044538
132005047539
132700048540
372200041541
323700044542
932200047543
352700040544
321200043545
732700046546
332200049547
329700042548
532200045549
532040046550
312090049551
327040042552
332090045553
392040048554
325090041555
132040044556
372090047557
323040040558
932090043559
932001044560
352006047561
321001040562
732006043563
332001046564
329006049565
532001042566
312006045567
327001048568
332006041569
332800042570
392300045571
325800048572
132300041573
372800044574
323300047575
932800040576
352300043577
321800046578
732300049579
732050040580
332000043581
329050046582
532000049583
312050042584
327000045585
332050048586
392000041587
325050044588
132000047589
132002048590
372007041591
323002044592
932007047593
352002040594
321007043595
732002046596
332007049597
329002042598
532007045599
332002704600
392007004601
325002304602
132007604603
372002904604
323007204605
932002504606
352007804607
321002104608
732007404609
732900504610
332400804611
329900104612
532400404613
312900704614
327400004615
332900304616
392400604617
325900904618
132400204619
132060304620
372010604621
323060904622
932010204623
352060504624
321010804625
732060104626
332010404627
329060704628
532010004629
532003104630
312008404631
327003704632
332008004633
392003304634
325008604635
132003904636
372008204637
323003504638
932008804639
932000904640
352500204641
321000504642
732500804643
332000104644
329500404645
532000704646
312500004647
327000304648
332500604649
332070704650
392020004651
325070304652
132020604653
372070904654
323020204655
932070504656
352020804657
321070104658
732020404659
732004504660
332009804661
329004104662
532009404663
312004704664
327009004665
332004304666
392009604667
325004904668
132009204669
132100304670
372600604671
323100904672
932600204673
352100504674
321600804675
732100104676
332600404677
329100704678
532600004679
532080104680
312030404681
327080704682
332030004683
392080304684
325030604685
132080904686
372030204687
323080504688
932030804689
932005904690
352000204691
321005504692
732000804693
332005104694
329000404695
532005704696
312000004697
327005304698
332000604699
132005084700
372000014701
323005044702
932000074703
352005004704
321000034705
732005064706
332000094707
329005024708
532000054709
532200064710
312700094711
327200024712
332700054713
392200084714
325700014715
132200044716
372700074717
323200004718
932700034719
932090044720
352040074721
321090004722
732040034723
332090064724
329040094725
532090024726
312040054727
327090084728
332040014729
332006024730
392001054731
325006084732
132001014733
372006044734
323001074735
932006004736
352001034737
321006064738
732001094739
732300004740
332800034741
329300064742
532800094743
312300024744
327800054745
332300084746
392800014747
325300044748
132800074749
132000084750
372050014751
323000044752
932050074753
352000004754
321050034755
732000064756
332050094757
329000024758
532050054759
532007064760
312002094761
327007024762
332002054763
392007084764
325002014765
132007044766
372002074767
323007004768
932002034769
932400044770
352900074771
321400004772
732900034773
332400064774
329900094775
532400024776
312900054777
327400084778
332900014779
332010024780
392060054781
325010084782
132060014783
372010044784
323060074785
932010004786
352060034787
321010064788
732060094789
732008004790
332003034791
329008064792
532003094793
312008024794
327003054795
332008084796
392003014797
325008044798
132003074799
932008049800
352003042801
321008045802
732003048803
332008041804
329003044805
532008047806
312003040807
327008043808
332003046809
332500047810
392000040811
325500043812
132000046813
372500049814
323000042815
932500045816
352000048817
321500041818
732000044819
732020045820
332070048821
329020041822
532070044823
312020047824
327070040825
332020043826
392070046827
325020049828
132070042829
132009043830
372004046831
323009049832
932004042833
352009045834
321004048835
732009041836
332004044837
329009047838
532004040839
532600041840
312100044841
327600047842
332100040843
392600043844
325100046845
132600049846
372100042847
323600045848
932100048849
932030049850
352080042851
321030045852
732080048853
332030041854
329080044855
532030047856
312080040857
327030043858
332080046859
332000047860
392005040861
325000043862
132005046863
372000049864
323005042865
932000045866
352005048867
321000041868
732005044869
732700045870
332200048871
329700041872
532200044873
312700047874
327200040875
332700043876
392200046877
325700049878
132200042879
132040043880
372090046881
323040049882
932090042883
352040045884
321090048885
732040041886
332090044887
329040047888
532090040889
532001041890
312006044891
327001047892
332006040893
392001043894
325006046895
132001049896
372006042897
323001045898
932006048899
732001004900
332006304901
329001604902
532006904903
312001204904
327006504905
332001804906
392006104907
325001404908
132006704909
132800804910
372300104911
323800404912
932300704913
352800004914
321300304915
732800604916
332300904917
329800204918
532300504919
532050604920
312000904921
327050204922
332000504923
392050804924
325000104925
132050404926
372000704927
323050004928
932000304929
932002404930
352007704931
321002004932
732007304933
332002604934
329007904935
532002204936
312007504937
327002804938
332007104939
332900204940
392400504941
325900804942
132400104943
372900404944
323400704945
932900004946
352400304947
321900604948
732400904949
732060004950
332010304951
329060604952
532010904953
312060204954
327010504955
332060804956
392010104957
325060404958
132010704959
132003804960
372008104961
323003404962
932008704963
352003004964
321008304965
732003604966
332008904967
329003204968
532008504969
532000604970
312500904971
327000204972
332500504973
392000804974
325500104975
132000404976
372500704977
323000004978
932500304979
932070404980
352020704981
321070004982
732020304983
332070604984
329020904985
532070204986
312020504987
327070804988
332020104989
332004204990
392009504991
325004804992
132009104993
372004404994
323009704995
932004004996
352009304997
321004604998
732009904999
732003705000