362000814001
322005114002
832000414003
342005714004
320000014005
632005314006
322000614007
328005914008
432000214009
432200314010
302700614011
326200914012
232700214013
382200514014
324700814015
032200114016
362700414017
322200714018
832700014019
832090114020
342040414021
320090714022
632040014023
322090314024
328040614025
432090914026
302040214027
326090514028
232040814029
232006914030
382001214031
324006514032
032001814033
362006114034
322001414035
832006714036
342001014037
320006314038
632001614039
632300714040
322800014041
328300314042
432800614043
302300914044
326800214045
232300514046
382800814047
324300114048
032800414049
032000514050
362050814051
322000114052
832050414053
342000714054
320050014055
632000314056
322050614057
328000914058
432050214059
432007314060
302002614061
326007914062
232002214063
382007514064
324002814065
032007114066
362002414067
322007714068
832002014069
832400114070
342900414071
320400714072
632900014073
322400314074
328900614075
432400914076
302900214077
326400514078
232900814079
232010914080
382060214081
324010514082
032060814083
362010114084
322060414085
832010714086
342060014087
320010314088
632060614089
632008714090
322003014091
328008314092
432003614093
302008914094
326003214095
232008514096
382003814097
324008114098
032003414099
832008164100
342003194101
320008124102
632003154103
322008184104
328003114105
432008144106
302003174107
326008104108
232003134109
232500144110
382000174111
324500104112
032000134113
362500164114
322000194115
832500124116
342000154117
320500184118
632000114119
632020124120
322070154121
328020184122
432070114123
302020144124
326070174125
232020104126
382070134127
324020164128
032070194129
032009104130
362004134131
322009164132
832004194133
342009124134
320004154135
632009184136
322004114137
328009144138
432004174139
432600184140
302100114141
326600144142
232100174143
382600104144
324100134145
032600164146
362100194147
322600124148
832100154149
832030164150
342080194151
320030124152
632080154153
322030184154
328080114155
432030144156
302080174157
326030104158
232080134159
232000144160
382005174161
324000104162
032005134163
362000164164
322005194165
832000124166
342005154167
320000184168
632005114169
632700124170
322200154171
328700184172
432200114173
302700144174
326200174175
232700104176
382200134177
324700164178
032200194179
032040104180
362090134181
322040164182
832090194183
342040124184
320090154185
632040184186
322090114187
328040144188
432090174189
432001184190
302006114191
326001144192
232006174193
382001104194
324006134195
032001164196
362006194197
322001124198
832006154199
632001147200
322006140201
328001143202
432006146203
302001149204
326006142205
232001145206
382006148207
324001141208
032006144209
032800145210
362300148211
322800141212
832300144213
342800147214
320300140215
632800143216
322300146217
328800149218
432300142219
432050143220
302000146221
326050149222
232000142223
382050145224
324000148225
032050141226
362000144227
322050147228
832000140229
832002141230
342007144231
320002147232
632007140233
322002143234
328007146235
432002149236
302007142237
326002145238
232007148239
232900149240
382400142241
324900145242
032400148243
362900141244
322400144245
832900147246
342400140247
320900143248
632400146249
632060147250
322010140251
328060143252
432010146253
302060149254
326010142255
232060145256
382010148257
324060141258
032010144259
032003145260
362008148261
322003141262
832008144263
342003147264
320008140265
632003143266
322008146267
328003149268
432008142269
432000143270
302500146271
326000149272
232500142273
382000145274
324500148275
032000141276
362500144277
322000147278
832500140279
832070141280
342020144281
320070147282
632020140283
322070143284
328020146285
432070149286
302020142287
326070145288
232020148289
232004149290
382009142291
324004145292
032009148293
362004141294
322009144295
832004147296
342009140297
320004143298
632009146299
432004814300
302009114301
326004414302
232009714303
382004014304
324009314305
032004614306
362009914307
322004214308
832009514309
832100614310
342600914311
320100214312
632600514313
322100814314
328600114315
432100414316
302600714317
326100014318
232600314319
232080414320
382030714321
324080014322
032030314323
362080614324
322030914325
832080214326
342030514327
320080814328
632030114329
632005214330
322000514331
328005814332
432000114333
302005414334
326000714335
232005014336
382000314337
324005614338
032000914339
032200014340
362700314341
322200614342
832700914343
342200214344
320700514345
632200814346
322700114347
328200414348
432700714349
432090814350
302040114351
326090414352
232040714353
382090014354
324040314355
032090614356
362040914357
322090214358
832040514359
832006614360
342001914361
320006214362
632001514363
322006814364
328001114365
432006414366
302001714367
326006014368
232001314369
232300414370
382800714371
324300014372
032800314373
362300614374
322800914375
832300214376
342800514377
320300814378
632800114379
632000214380
322050514381
328000814382
432050114383
302000414384
326050714385
232000014386
382050314387
324000614388
032050914389
032007014390
362002314391
322007614392
832002914393
342007214394
320002514395
632007814396
322002114397
328007414398
432002714399
232007194400
382002124401
324007154402
032002184403
362007114404
322002144405
832007174406
342002104407
320007134408
632002164409
632400174410
322900104411
328400134412
432900164413
302400194414
326900124415
232400154416
382900184417
324400114418
032900144419
032010154420
362060184421
322010114422
832060144423
342010174424
320060104425
632010134426
322060164427
328010194428
432060124429
432008134430
302003164431
326008194432
232003124433
382008154434
324003184435
032008114436
362003144437
322008174438
832003104439
832500114440
342000144441
320500174442
632000104443
322500134444
328000164445
432500194446
302000124447
326500154448
232000184449
232020194450
382070124451
324020154452
032070184453
362020114454
322070144455
832020174456
342070104457
320020134458
632070164459
632009174460
322004104461
328009134462
432004164463
302009194464
326004124465
232009154466
382004184467
324009114468
032004144469
032600154470
362100184471
322600114472
832100144473
342600174474
320100104475
632600134476
322100164477
328600194478
432100124479
432030134480
302080164481
326030194482
232080124483
382030154484
324080184485
032030114486
362080144487
322030174488
832080104489
832000114490
342005144491
320000174492
632005104493
322000134494
328005164495
432000194496
302005124497
326000154498
232005184499
032000140500
362005143501
322000146502
832005149503
342000142504
320005145505
632000148506
322005141507
328000144508
432005147509
432700148510
302200141511
326700144512
232200147513
382700140514
324200143515
032700146516
362200149517
322700142518
832200145519
832040146520
342090149521
320040142522
632090145523
322040148524
328090141525
432040144526
302090147527
326040140528
232090143529
232001144530
382006147531
324001140532
032006143533
362001146534
322006149535
832001142536
342006145537
320001148538
632006141539
632800142540
322300145541
328800148542
432300141543
302800144544
326300147545
232800140546
382300143547
324800146548
032300149549
032050140550
362000143551
322050146552
832000149553
342050142554
320000145555
632050148556
322000141557
328050144558
432000147559
432002148560
302007141561
326002144562
232007147563
382002140564
324007143565
032002146566
362007149567
322002142568
832007145569
832900146570
342400149571
320900142572
632400145573
322900148574
328400141575
432900144576
302400147577
326900140578
232400143579
232060144580
382010147581
324060140582
032010143583
362060146584
322010149585
832060142586
342010145587
320060148588
632010141589
632003142590
322008145591
328003148592
432008141593
302003144594
326008147595
232003140596
382008143597
324003146598
032008149599
832003114600
342008414601
320003714602
632008014603
322003314604
328008614605
432003914606
302008214607
326003514608
232008814609
232000914610
382500214611
324000514612
032500814613
362000114614
322500414615
832000714616
342500014617
320000314618
632500614619
632070714620
322020014621
328070314622
432020614623
302070914624
326020214625
232070514626
382020814627
324070114628
032020414629
032004514630
362009814631
322004114632
832009414633
342004714634
320009014635
632004314636
322009614637
328004914638
432009214639
432100314640
302600614641
326100914642
232600214643
382100514644
324600814645
032100114646
362600414647
322100714648
832600014649
832080114650
342030414651
320080714652
632030014653
322080314654
328030614655
432080914656
302030214657
326080514658
232030814659
232005914660
382000214661
324005514662
032000814663
362005114664
322000414665
832005714666
342000014667
320005314668
632000614669
632200714670
322700014671
328200314672
432700614673
302200914674
326700214675
232200514676
382700814677
324200114678
032700414679
032090514680
362040814681
322090114682
832040414683
342090714684
320040014685
632090314686
322040614687
328090914688
432040214689
432006314690
302001614691
326006914692
232001214693
382006514694
324001814695
032006114696
362001414697
322006714698
832001014699
632006124700
322001154701
328006184702
432001114703
302006144704
326001174705
232006104706
382001134707
324006164708
032001194709
032300104710
362800134711
322300164712
832800194713
342300124714
320800154715
632300184716
322800114717
328300144718
432800174719
432000184720
302050114721
326000144722
232050174723
382000104724
324050134725
032000164726
362050194727
322000124728
832050154729
832007164730
342002194731
320007124732
632002154733
322007184734
328002114735
432007144736
302002174737
326007104738
232002134739
232400144740
382900174741
324400104742
032900134743
362400164744
322900194745
832400124746
342900154747
320400184748
632900114749
632010124750
322060154751
328010184752
432060114753
302010144754
326060174755
232010104756
382060134757
324010164758
032060194759
032008104760
362003134761
322008164762
832003194763
342008124764
320003154765
632008184766
322003114767
328008144768
432003174769
432500184770
302000114771
326500144772
232000174773
382500104774
324000134775
032500164776
362000194777
322500124778
832000154779
832020164780
342070194781
320020124782
632070154783
322020184784
328070114785
432020144786
302070174787
326020104788
232070134789
232009144790
382004174791
324009104792
032004134793
362009164794
322004194795
832009124796
342004154797
320009184798
632004114799
432009143800
302004146801
326009149802
232004142803
382009145804
324004148805
032009141806
362004144807
322009147808
832004140809
832600141810
342100144811
320600147812
632100140813
322600143814
328100146815
432600149816
302100142817
326600145818
232100148819
232030149820
382080142821
324030145822
032080148823
362030141824
322080144825
832030147826
342080140827
320030143828
632080146829
632000147830
322005140831
328000143832
432005146833
302000149834
326005142835
232000145836
382005148837
324000141838
032005144839
032700145840
362200148841
322700141842
832200144843
342700147844
320200140845
632700143846
322200146847
328700149848
432200142849
432040143850
302090146851
326040149852
232090142853
382040145854
324090148855
032040141856
362090144857
322040147858
832090140859
832001141860
342006144861
320001147862
632006140863
322001143864
328006146865
432001149866
302006142867
326001145868
232006148869
232800149870
382300142871
324800145872
032300148873
362800141874
322300144875
832800147876
342300140877
320800143878
632300146879
632050147880
322000140881
328050143882
432000146883
302050149884
326000142885
232050145886
382000148887
324050141888
032000144889
032002145890
362007148891
322002141892
832007144893
342002147894
320007140895
632002143896
322007146897
328002149898
432007142899
232002414900
382007714901
324002014902
032007314903
362002614904
322007914905
832002214906
342007514907
320002814908
632007114909
632900214910
322400514911
328900814912
432400114913
302900414914
326400714915
232900014916
382400314917
324900614918
032400914919
032060014920
362010314921
322060614922
832010914923
342060214924
320010514925
632060814926
322010114927
328060414928
432010714929
432003814930
302008114931
326003414932
232008714933
382003014934
324008314935
032003614936
362008914937
322003214938
832008514939
832000614940
342500914941
320000214942
632500514943
322000814944
328500114945
432000414946
302500714947
326000014948
232500314949
232070414950
382020714951
324070014952
032020314953
362070614954
322020914955
832070214956
342020514957
320070814958
632020114959
632004214960
322009514961
328004814962
432009114963
302004414964
326009714965
232004014966
382009314967
324004614968
032009914969
032100014970
362600314971
322100614972
832600914973
342100214974
320600514975
632100814976
322600114977
328100414978
432600714979
432080814980
302030114981
326080414982
232030714983
382080014984
324030314985
032080614986
362030914987
322080214988
832030514989
832005614990
342000914991
320005214992
632000514993
322005814994
328000114995
432005414996
302000714997
326005014998
232000314999
232004115000