342001213001
320006513002
632001813003
322006113004
328001413005
432006713006
302001013007
326006313008
232001613009
232300713010
382800013011
324300313012
032800613013
362300913014
322800213015
832300513016
342800813017
320300113018
632800413019
632000513020
322050813021
328000113022
432050413023
302000713024
326050013025
232000313026
382050613027
324000913028
032050213029
032007313030
362002613031
322007913032
832002213033
342007513034
320002813035
632007113036
322002413037
328007713038
432002013039
432400113040
302900413041
326400713042
232900013043
382400313044
324900613045
032400913046
362900213047
322400513048
832900813049
832010913050
342060213051
320010513052
632060813053
322010113054
328060413055
432010713056
302060013057
326010313058
232060613059
232008713060
382003013061
324008313062
032003613063
362008913064
322003213065
832008513066
342003813067
320008113068
632003413069
632500513070
322000813071
328500113072
432000413073
302500713074
326000013075
232500313076
382000613077
324500913078
032000213079
032020313080
362070613081
322020913082
832070213083
342020513084
320070813085
632020113086
322070413087
328020713088
432070013089
432009113090
302004413091
326009713092
232004013093
382009313094
324004613095
032009913096
362004213097
322009513098
832004813099
632009103100
322004133101
328009163102
432004193103
302009123104
326004153105
232009183106
382004113107
324009143108
032004173109
032600183110
362100113111
322600143112
832100173113
342600103114
320100133115
632600163116
322100193117
328600123118
432100153119
432030163120
302080193121
326030123122
232080153123
382030183124
324080113125
032030143126
362080173127
322030103128
832080133129
832000143130
342005173131
320000103132
632005133133
322000163134
328005193135
432000123136
302005153137
326000183138
232005113139
232700123140
382200153141
324700183142
032200113143
362700143144
322200173145
832700103146
342200133147
320700163148
632200193149
632040103150
322090133151
328040163152
432090193153
302040123154
326090153155
232040183156
382090113157
324040143158
032090173159
032001183160
362006113161
322001143162
832006173163
342001103164
320006133165
632001163166
322006193167
328001123168
432006153169
432800163170
302300193171
326800123172
232300153173
382800183174
324300113175
032800143176
362300173177
322800103178
832300133179
832050143180
342000173181
320050103182
632000133183
322050163184
328000193185
432050123186
302000153187
326050183188
232000113189
232002123190
382007153191
324002183192
032007113193
362002143194
322007173195
832002103196
342007133197
320002163198
632007193199
432002131200
302007134201
326002137202
232007130203
382002133204
324007136205
032002139206
362007132207
322002135208
832007138209
832900139210
342400132211
320900135212
632400138213
322900131214
328400134215
432900137216
302400130217
326900133218
232400136219
232060137220
382010130221
324060133222
032010136223
362060139224
322010132225
832060135226
342010138227
320060131228
632010134229
632003135230
322008138231
328003131232
432008134233
302003137234
326008130235
232003133236
382008136237
324003139238
032008132239
032000133240
362500136241
322000139242
832500132243
342000135244
320500138245
632000131246
322500134247
328000137248
432500130249
432070131250
302020134251
326070137252
232020130253
382070133254
324020136255
032070139256
362020132257
322070135258
832020138259
832004139260
342009132261
320004135262
632009138263
322004131264
328009134265
432004137266
302009130267
326004133268
232009136269
232100137270
382600130271
324100133272
032600136273
362100139274
322600132275
832100135276
342600138277
320100131278
632600134279
632080135280
322030138281
328080131282
432030134283
302080137284
326030130285
232080133286
382030136287
324080139288
032030132289
032005133290
362000136291
322005139292
832000132293
342005135294
320000138295
632005131296
322000134297
328005137298
432000130299
232005213300
382000513301
324005813302
032000113303
362005413304
322000713305
832005013306
342000313307
320005613308
632000913309
632200013310
322700313311
328200613312
432700913313
302200213314
326700513315
232200813316
382700113317
324200413318
032700713319
032090813320
362040113321
322090413322
832040713323
342090013324
320040313325
632090613326
322040913327
328090213328
432040513329
432006613330
302001913331
326006213332
232001513333
382006813334
324001113335
032006413336
362001713337
322006013338
832001313339
832300413340
342800713341
320300013342
632800313343
322300613344
328800913345
432300213346
302800513347
326300813348
232800113349
232000213350
382050513351
324000813352
032050113353
362000413354
322050713355
832000013356
342050313357
320000613358
632050913359
632007013360
322002313361
328007613362
432002913363
302007213364
326002513365
232007813366
382002113367
324007413368
032002713369
032400813370
362900113371
322400413372
832900713373
342400013374
320900313375
632400613376
322900913377
328400213378
432900513379
432010613380
302060913381
326010213382
232060513383
382010813384
324060113385
032010413386
362060713387
322010013388
832060313389
832008413390
342003713391
320008013392
632003313393
322008613394
328003913395
432008213396
302003513397
326008813398
232003113399
032008133400
362003163401
322008193402
832003123403
342008153404
320003183405
632008113406
322003143407
328008173408
432003103409
432500113410
302000143411
326500173412
232000103413
382500133414
324000163415
032500193416
362000123417
322500153418
832000183419
832020193420
342070123421
320020153422
632070183423
322020113424
328070143425
432020173426
302070103427
326020133428
232070163429
232009173430
382004103431
324009133432
032004163433
362009193434
322004123435
832009153436
342004183437
320009113438
632004143439
632600153440
322100183441
328600113442
432100143443
302600173444
326100103445
232600133446
382100163447
324600193448
032100123449
032030133450
362080163451
322030193452
832080123453
342030153454
320080183455
632030113456
322080143457
328030173458
432080103459
432000113460
302005143461
326000173462
232005103463
382000133464
324005163465
032000193466
362005123467
322000153468
832005183469
832700193470
342200123471
320700153472
632200183473
322700113474
328200143475
432700173476
302200103477
326700133478
232200163479
232040173480
382090103481
324040133482
032090163483
362040193484
322090123485
832040153486
342090183487
320040113488
632090143489
632001153490
322006183491
328001113492
432006143493
302001173494
326006103495
232001133496
382006163497
324001193498
032006123499
832001134500
342006137501
320001130502
632006133503
322001136504
328006139505
432001132506
302006135507
326001138508
232006131509
232800132510
382300135511
324800138512
032300131513
362800134514
322300137515
832800130516
342300133517
320800136518
632300139519
632050130520
322000133521
328050136522
432000139523
302050132524
326000135525
232050138526
382000131527
324050134528
032000137529
032002138530
362007131531
322002134532
832007137533
342002130534
320007133535
632002136536
322007139537
328002132538
432007135539
432900136540
302400139541
326900132542
232400135543
382900138544
324400131545
032900134546
362400137547
322900130548
832400133549
832060134550
342010137551
320060130552
632010133553
322060136554
328010139555
432060132556
302010135557
326060138558
232010131559
232003132560
382008135561
324003138562
032008131563
362003134564
322008137565
832003130566
342008133567
320003136568
632008139569
632000130570
322500133571
328000136572
432500139573
302000132574
326500135575
232000138576
382500131577
324000134578
032500137579
032070138580
362020131581
322070134582
832020137583
342070130584
320020133585
632070136586
322020139587
328070132588
432020135589
432004136590
302009139591
326004132592
232009135593
382004138594
324009131595
032004134596
362009137597
322004130598
832009133599
632004513600
322009813601
328004113602
432009413603
302004713604
326009013605
232004313606
382009613607
324004913608
032009213609
032100313610
362600613611
322100913612
832600213613
342100513614
320600813615
632100113616
322600413617
328100713618
432600013619
432080113620
302030413621
326080713622
232030013623
382080313624
324030613625
032080913626
362030213627
322080513628
832030813629
832005913630
342000213631
320005513632
632000813633
322005113634
328000413635
432005713636
302000013637
326005313638
232000613639
232200713640
382700013641
324200313642
032700613643
362200913644
322700213645
832200513646
342700813647
320200113648
632700413649
632090513650
322040813651
328090113652
432040413653
302090713654
326040013655
232090313656
382040613657
324090913658
032040213659
032006313660
362001613661
322006913662
832001213663
342006513664
320001813665
632006113666
322001413667
328006713668
432001013669
432300113670
302800413671
326300713672
232800013673
382300313674
324800613675
032300913676
362800213677
322300513678
832800813679
832000913680
342050213681
320000513682
632050813683
322000113684
328050413685
432000713686
302050013687
326000313688
232050613689
232007713690
382002013691
324007313692
032002613693
362007913694
322002213695
832007513696
342002813697
320007113698
632002413699
432007163700
302002193701
326007123702
232002153703
382007183704
324002113705
032007143706
362002173707
322007103708
832002133709
832400143710
342900173711
320400103712
632900133713
322400163714
328900193715
432400123716
302900153717
326400183718
232900113719
232010123720
382060153721
324010183722
032060113723
362010143724
322060173725
832010103726
342060133727
320010163728
632060193729
632008103730
322003133731
328008163732
432003193733
302008123734
326003153735
232008183736
382003113737
324008143738
032003173739
032500183740
362000113741
322500143742
832000173743
342500103744
320000133745
632500163746
322000193747
328500123748
432000153749
432020163750
302070193751
326020123752
232070153753
382020183754
324070113755
032020143756
362070173757
322020103758
832070133759
832009143760
342004173761
320009103762
632004133763
322009163764
328004193765
432009123766
302004153767
326009183768
232004113769
232600123770
382100153771
324600183772
032100113773
362600143774
322100173775
832600103776
342100133777
320600163778
632100193779
632030103780
322080133781
328030163782
432080193783
302030123784
326080153785
232030183786
382080113787
324030143788
032080173789
032000183790
362005113791
322000143792
832005173793
342000103794
320005133795
632000163796
322005193797
328000123798
432005153799
232000137800
382005130801
324000133802
032005136803
362000139804
322005132805
832000135806
342005138807
320000131808
632005134809
632700135810
322200138811
328700131812
432200134813
302700137814
326200130815
232700133816
382200136817
324700139818
032200132819
032040133820
362090136821
322040139822
832090132823
342040135824
320090138825
632040131826
322090134827
328040137828
432090130829
432001131830
302006134831
326001137832
232006130833
382001133834
324006136835
032001139836
362006132837
322001135838
832006138839
832800139840
342300132841
320800135842
632300138843
322800131844
328300134845
432800137846
302300130847
326800133848
232300136849
232050137850
382000130851
324050133852
032000136853
362050139854
322000132855
832050135856
342000138857
320050131858
632000134859
632002135860
322007138861
328002131862
432007134863
302002137864
326007130865
232002133866
382007136867
324002139868
032007132869
032900133870
362400136871
322900139872
832400132873
342900135874
320400138875
632900131876
322400134877
328900137878
432400130879
432060131880
302010134881
326060137882
232010130883
382060133884
324010136885
032060139886
362010132887
322060135888
832010138889
832003139890
342008132891
320003135892
632008138893
322003131894
328008134895
432003137896
302008130897
326003133898
232008136899
032003813900
362008113901
322003413902
832008713903
342003013904
320008313905
632003613906
322008913907
328003213908
432008513909
432000613910
302500913911
326000213912
232500513913
382000813914
324500113915
032000413916
362500713917
322000013918
832500313919
832070413920
342020713921
320070013922
632020313923
322070613924
328020913925
432070213926
302020513927
326070813928
232020113929
232004213930
382009513931
324004813932
032009113933
362004413934
322009713935
832004013936
342009313937
320004613938
632009913939
632100013940
322600313941
328100613942
432600913943
302100213944
326600513945
232100813946
382600113947
324100413948
032600713949
032080813950
362030113951
322080413952
832030713953
342080013954
320030313955
632080613956
322030913957
328080213958
432030513959
432005613960
302000913961
326005213962
232000513963
382005813964
324000113965
032005413966
362000713967
322005013968
832000313969
832200413970
342700713971
320200013972
632700313973
322200613974
328700913975
432200213976
302700513977
326200813978
232700113979
232090213980
382040513981
324090813982
032040113983
362090413984
322040713985
832090013986
342040313987
320090613988
632040913989
632006013990
322001313991
328006613992
432001913993
302006213994
326001513995
232006813996
382001113997
324006413998
032001713999
032005514000