322002612001
328007912002
432002212003
302007512004
326002812005
232007112006
382002412007
324007712008
032002012009
032400112010
362900412011
322400712012
832900012013
342400312014
320900612015
632400912016
322900212017
328400512018
432900812019
432010912020
302060212021
326010512022
232060812023
382010112024
324060412025
032010712026
362060012027
322010312028
832060612029
832008712030
342003012031
320008312032
632003612033
322008912034
328003212035
432008512036
302003812037
326008112038
232003412039
232500512040
382000812041
324500112042
032000412043
362500712044
322000012045
832500312046
342000612047
320500912048
632000212049
632020312050
322070612051
328020912052
432070212053
302020512054
326070812055
232020112056
382070412057
324020712058
032070012059
032009112060
362004412061
322009712062
832004012063
342009312064
320004612065
632009912066
322004212067
328009512068
432004812069
432600912070
302100212071
326600512072
232100812073
382600112074
324100412075
032600712076
362100012077
322600312078
832100612079
832030712080
342080012081
320030312082
632080612083
322030912084
328080212085
432030512086
302080812087
326030112088
232080412089
232000512090
382005812091
324000112092
032005412093
362000712094
322005012095
832000312096
342005612097
320000912098
632005212099
432000142100
302005172101
326000102102
232005132103
382000162104
324005192105
032000122106
362005152107
322000182108
832005112109
832700122110
342200152111
320700182112
632200112113
322700142114
328200172115
432700102116
302200132117
326700162118
232200192119
232040102120
382090132121
324040162122
032090192123
362040122124
322090152125
832040182126
342090112127
320040142128
632090172129
632001182130
322006112131
328001142132
432006172133
302001102134
326006132135
232001162136
382006192137
324001122138
032006152139
032800162140
362300192141
322800122142
832300152143
342800182144
320300112145
632800142146
322300172147
328800102148
432300132149
432050142150
302000172151
326050102152
232000132153
382050162154
324000192155
032050122156
362000152157
322050182158
832000112159
832002122160
342007152161
320002182162
632007112163
322002142164
328007172165
432002102166
302007132167
326002162168
232007192169
232900102170
382400132171
324900162172
032400192173
362900122174
322400152175
832900182176
342400112177
320900142178
632400172179
632060182180
322010112181
328060142182
432010172183
302060102184
326010132185
232060162186
382010192187
324060122188
032010152189
032003162190
362008192191
322003122192
832008152193
342003182194
320008112195
632003142196
322008172197
328003102198
432008132199
232003125200
382008128201
324003121202
032008124203
362003127204
322008120205
832003123206
342008126207
320003129208
632008122209
632000123210
322500126211
328000129212
432500122213
302000125214
326500128215
232000121216
382500124217
324000127218
032500120219
032070121220
362020124221
322070127222
832020120223
342070123224
320020126225
632070129226
322020122227
328070125228
432020128229
432004129230
302009122231
326004125232
232009128233
382004121234
324009124235
032004127236
362009120237
322004123238
832009126239
832100127240
342600120241
320100123242
632600126243
322100129244
328600122245
432100125246
302600128247
326100121248
232600124249
232080125250
382030128251
324080121252
032030124253
362080127254
322030120255
832080123256
342030126257
320080129258
632030122259
632005123260
322000126261
328005129262
432000122263
302005125264
326000128265
232005121266
382000124267
324005127268
032000120269
032200121270
362700124271
322200127272
832700120273
342200123274
320700126275
632200129276
322700122277
328200125278
432700128279
432090129280
302040122281
326090125282
232040128283
382090121284
324040124285
032090127286
362040120287
322090123288
832040126289
832006127290
342001120291
320006123292
632001126293
322006129294
328001122295
432006125296
302001128297
326006121298
232001124299
032006612300
362001912301
322006212302
832001512303
342006812304
320001112305
632006412306
322001712307
328006012308
432001312309
432300412310
302800712311
326300012312
232800312313
382300612314
324800912315
032300212316
362800512317
322300812318
832800112319
832000212320
342050512321
320000812322
632050112323
322000412324
328050712325
432000012326
302050312327
326000612328
232050912329
232007012330
382002312331
324007612332
032002912333
362007212334
322002512335
832007812336
342002112337
320007412338
632002712339
632400812340
322900112341
328400412342
432900712343
302400012344
326900312345
232400612346
382900912347
324400212348
032900512349
032010612350
362060912351
322010212352
832060512353
342010812354
320060112355
632010412356
322060712357
328010012358
432060312359
432008412360
302003712361
326008012362
232003312363
382008612364
324003912365
032008212366
362003512367
322008812368
832003112369
832500212370
342000512371
320500812372
632000112373
322500412374
328000712375
432500012376
302000312377
326500612378
232000912379
232020012380
382070312381
324020612382
032070912383
362020212384
322070512385
832020812386
342070112387
320020412388
632070712389
632009812390
322004112391
328009412392
432004712393
302009012394
326004312395
232009612396
382004912397
324009212398
032004512399
832009172400
342004102401
320009132402
632004162403
322009192404
328004122405
432009152406
302004182407
326009112408
232004142409
232600152410
382100182411
324600112412
032100142413
362600172414
322100102415
832600132416
342100162417
320600192418
632100122419
632030132420
322080162421
328030192422
432080122423
302030152424
326080182425
232030112426
382080142427
324030172428
032080102429
032000112430
362005142431
322000172432
832005102433
342000132434
320005162435
632000192436
322005122437
328000152438
432005182439
432700192440
302200122441
326700152442
232200182443
382700112444
324200142445
032700172446
362200102447
322700132448
832200162449
832040172450
342090102451
320040132452
632090162453
322040192454
328090122455
432040152456
302090182457
326040112458
232090142459
232001152460
382006182461
324001112462
032006142463
362001172464
322006102465
832001132466
342006162467
320001192468
632006122469
632800132470
322300162471
328800192472
432300122473
302800152474
326300182475
232800112476
382300142477
324800172478
032300102479
032050112480
362000142481
322050172482
832000102483
342050132484
320000162485
632050192486
322000122487
328050152488
432000182489
432002192490
302007122491
326002152492
232007182493
382002112494
324007142495
032002172496
362007102497
322002132498
832007162499
632002128500
322007121501
328002124502
432007127503
302002120504
326007123505
232002126506
382007129507
324002122508
032007125509
032900126510
362400129511
322900122512
832400125513
342900128514
320400121515
632900124516
322400127517
328900120518
432400123519
432060124520
302010127521
326060120522
232010123523
382060126524
324010129525
032060122526
362010125527
322060128528
832010121529
832003122530
342008125531
320003128532
632008121533
322003124534
328008127535
432003120536
302008123537
326003126538
232008129539
232000120540
382500123541
324000126542
032500129543
362000122544
322500125545
832000128546
342500121547
320000124548
632500127549
632070128550
322020121551
328070124552
432020127553
302070120554
326020123555
232070126556
382020129557
324070122558
032020125559
032004126560
362009129561
322004122562
832009125563
342004128564
320009121565
632004124566
322009127567
328004120568
432009123569
432100124570
302600127571
326100120572
232600123573
382100126574
324600129575
032100122576
362600125577
322100128578
832600121579
832080122580
342030125581
320080128582
632030121583
322080124584
328030127585
432080120586
302030123587
326080126588
232030129589
232005120590
382000123591
324005126592
032000129593
362005122594
322000125595
832005128596
342000121597
320005124598
632000127599
432005912600
302000212601
326005512602
232000812603
382005112604
324000412605
032005712606
362000012607
322005312608
832000612609
832200712610
342700012611
320200312612
632700612613
322200912614
328700212615
432200512616
302700812617
326200112618
232700412619
232090512620
382040812621
324090112622
032040412623
362090712624
322040012625
832090312626
342040612627
320090912628
632040212629
632006312630
322001612631
328006912632
432001212633
302006512634
326001812635
232006112636
382001412637
324006712638
032001012639
032300112640
362800412641
322300712642
832800012643
342300312644
320800612645
632300912646
322800212647
328300512648
432800812649
432000912650
302050212651
326000512652
232050812653
382000112654
324050412655
032000712656
362050012657
322000312658
832050612659
832007712660
342002012661
320007312662
632002612663
322007912664
328002212665
432007512666
302002812667
326007112668
232002412669
232400512670
382900812671
324400112672
032900412673
362400712674
322900012675
832400312676
342900612677
320400912678
632900212679
632010312680
322060612681
328010912682
432060212683
302010512684
326060812685
232010112686
382060412687
324010712688
032060012689
032008112690
362003412691
322008712692
832003012693
342008312694
320003612695
632008912696
322003212697
328008512698
432003812699
232008102700
382003132701
324008162702
032003192703
362008122704
322003152705
832008182706
342003112707
320008142708
632003172709
632500182710
322000112711
328500142712
432000172713
302500102714
326000132715
232500162716
382000192717
324500122718
032000152719
032020162720
362070192721
322020122722
832070152723
342020182724
320070112725
632020142726
322070172727
328020102728
432070132729
432009142730
302004172731
326009102732
232004132733
382009162734
324004192735
032009122736
362004152737
322009182738
832004112739
832600122740
342100152741
320600182742
632100112743
322600142744
328100172745
432600102746
302100132747
326600162748
232100192749
232030102750
382080132751
324030162752
032080192753
362030122754
322080152755
832030182756
342080112757
320030142758
632080172759
632000182760
322005112761
328000142762
432005172763
302000102764
326005132765
232000162766
382005192767
324000122768
032005152769
032700162770
362200192771
322700122772
832200152773
342700182774
320200112775
632700142776
322200172777
328700102778
432200132779
432040142780
302090172781
326040102782
232090132783
382040162784
324090192785
032040122786
362090152787
322040182788
832090112789
832001122790
342006152791
320001182792
632006112793
322001142794
328006172795
432001102796
302006132797
326001162798
232006192799
032001121800
362006124801
322001127802
832006120803
342001123804
320006126805
632001129806
322006122807
328001125808
432006128809
432800129810
302300122811
326800125812
232300128813
382800121814
324300124815
032800127816
362300120817
322800123818
832300126819
832050127820
342000120821
320050123822
632000126823
322050129824
328000122825
432050125826
302000128827
326050121828
232000124829
232002125830
382007128831
324002121832
032007124833
362002127834
322007120835
832002123836
342007126837
320002129838
632007122839
632900123840
322400126841
328900129842
432400122843
302900125844
326400128845
232900121846
382400124847
324900127848
032400120849
032060121850
362010124851
322060127852
832010120853
342060123854
320010126855
632060129856
322010122857
328060125858
432010128859
432003129860
302008122861
326003125862
232008128863
382003121864
324008124865
032003127866
362008120867
322003123868
832008126869
832000127870
342500120871
320000123872
632500126873
322000129874
328500122875
432000125876
302500128877
326000121878
232500124879
232070125880
382020128881
324070121882
032020124883
362070127884
322020120885
832070123886
342020126887
320070129888
632020122889
632004123890
322009126891
328004129892
432009122893
302004125894
326009128895
232004121896
382009124897
324004127898
032009120899
832004212900
342009512901
320004812902
632009112903
322004412904
328009712905
432004012906
302009312907
326004612908
232009912909
232100012910
382600312911
324100612912
032600912913
362100212914
322600512915
832100812916
342600112917
320100412918
632600712919
632080812920
322030112921
328080412922
432030712923
302080012924
326030312925
232080612926
382030912927
324080212928
032030512929
032005612930
362000912931
322005212932
832000512933
342005812934
320000112935
632005412936
322000712937
328005012938
432000312939
432200412940
302700712941
326200012942
232700312943
382200612944
324700912945
032200212946
362700512947
322200812948
832700112949
832090212950
342040512951
320090812952
632040112953
322090412954
328040712955
432090012956
302040312957
326090612958
232040912959
232006012960
382001312961
324006612962
032001912963
362006212964
322001512965
832006812966
342001112967
320006412968
632001712969
632300812970
322800112971
328300412972
432800712973
302300012974
326800312975
232300612976
382800912977
324300212978
032800512979
032000612980
362050912981
322000212982
832050512983
342000812984
320050112985
632000412986
322050712987
328000012988
432050312989
432007412990
302002712991
326007012992
232002312993
382007612994
324002912995
032007212996
362002512997
322007812998
832002112999
832006913000