332008005001
329003305002
532008605003
312003905004
327008205005
332003505006
392008805007
325003105008
132008405009
132000505010
372500805011
323000105012
932500405013
352000705014
321500005015
732000305016
332500605017
329000905018
532500205019
532070305020
312020605021
327070905022
332020205023
392070505024
325020805025
132070105026
372020405027
323070705028
932020005029
932004105030
352009405031
321004705032
732009005033
332004305034
329009605035
532004905036
312009205037
327004505038
332009805039
332100905040
392600205041
325100505042
132600805043
372100105044
323600405045
932100705046
352600005047
321100305048
732600605049
732080705050
332030005051
329080305052
532030605053
312080905054
327030205055
332080505056
392030805057
325080105058
132030405059
132005505060
372000805061
323005105062
932000405063
352005705064
321000005065
732005305066
332000605067
329005905068
532000205069
532200305070
312700605071
327200905072
332700205073
392200505074
325700805075
132200105076
372700405077
323200705078
932700005079
932090105080
352040405081
321090705082
732040005083
332090305084
329040605085
532090905086
312040205087
327090505088
332040805089
332006905090
392001205091
325006505092
132001805093
372006105094
323001405095
932006705096
352001005097
321006305098
732001605099
532006085100
312001015101
327006045102
332001075103
392006005104
325001035105
132006065106
372001095107
323006025108
932001055109
932300065110
352800095111
321300025112
732800055113
332300085114
329800015115
532300045116
312800075117
327300005118
332800035119
332000045120
392050075121
325000005122
132050035123
372000065124
323050095125
932000025126
352050055127
321000085128
732050015129
732007025130
332002055131
329007085132
532002015133
312007045134
327002075135
332007005136
392002035137
325007065138
132002095139
132400005140
372900035141
323400065142
932900095143
352400025144
321900055145
732400085146
332900015147
329400045148
532900075149
532010085150
312060015151
327010045152
332060075153
392010005154
325060035155
132010065156
372060095157
323010025158
932060055159
932008065160
352003095161
321008025162
732003055163
332008085164
329003015165
532008045166
312003075167
327008005168
332003035169
332500045170
392000075171
325500005172
132000035173
372500065174
323000095175
932500025176
352000055177
321500085178
732000015179
732020025180
332070055181
329020085182
532070015183
312020045184
327070075185
332020005186
392070035187
325020065188
132070095189
132009005190
372004035191
323009065192
932004095193
352009025194
321004055195
732009085196
332004015197
329009045198
532004075199
332009059200
392004052201
325009055202
132004058203
372009051204
323004054205
932009057206
352004050207
321009053208
732004056209
732600057210
332100050211
329600053212
532100056213
312600059214
327100052215
332600055216
392100058217
325600051218
132100054219
132030055220
372080058221
323030051222
932080054223
352030057224
321080050225
732030053226
332080056227
329030059228
532080052229
532000053230
312005056231
327000059232
332005052233
392000055234
325005058235
132000051236
372005054237
323000057238
932005050239
932700051240
352200054241
321700057242
732200050243
332700053244
329200056245
532700059246
312200052247
327700055248
332200058249
332040059250
392090052251
325040055252
132090058253
372040051254
323090054255
932040057256
352090050257
321040053258
732090056259
732001057260
332006050261
329001053262
532006056263
312001059264
327006052265
332001055266
392006058267
325001051268
132006054269
132800055270
372300058271
323800051272
932300054273
352800057274
321300050275
732800053276
332300056277
329800059278
532300052279
532050053280
312000056281
327050059282
332000052283
392050055284
325000058285
132050051286
372000054287
323050057288
932000050289
932002051290
352007054291
321002057292
732007050293
332002053294
329007056295
532002059296
312007052297
327002055298
332007058299
132002005300
372007305301
323002605302
932007905303
352002205304
321007505305
732002805306
332007105307
329002405308
532007705309
532900805310
312400105311
327900405312
332400705313
392900005314
325400305315
132900605316
372400905317
323900205318
932400505319
932060605320
352010905321
321060205322
732010505323
332060805324
329010105325
532060405326
312010705327
327060005328
332010305329
332003405330
392008705331
325003005332
132008305333
372003605334
323008905335
932003205336
352008505337
321003805338
732008105339
732000205340
332500505341
329000805342
532500105343
312000405344
327500705345
332000005346
392500305347
325000605348
132500905349
132070005350
372020305351
323070605352
932020905353
352070205354
321020505355
732070805356
332020105357
329070405358
532020705359
532004805360
312009105361
327004405362
332009705363
392004005364
325009305365
132004605366
372009905367
323004205368
932009505369
932100605370
352600905371
321100205372
732600505373
332100805374
329600105375
532100405376
312600705377
327100005378
332600305379
332080405380
392030705381
325080005382
132030305383
372080605384
323030905385
932080205386
352030505387
321080805388
732030105389
732005205390
332000505391
329005805392
532000105393
312005405394
327000705395
332005005396
392000305397
325005605398
132000905399
932005015400
352000045401
321005075402
732000005403
332005035404
329000065405
532005095406
312000025407
327005055408
332000085409
332200095410
392700025411
325200055412
132700085413
372200015414
323700045415
932200075416
352700005417
321200035418
732700065419
732090075420
332040005421
329090035422
532040065423
312090095424
327040025425
332090055426
392040085427
325090015428
132040045429
132006055430
372001085431
323006015432
932001045433
352006075434
321001005435
732006035436
332001065437
329006095438
532001025439
532300035440
312800065441
327300095442
332800025443
392300055444
325800085445
132300015446
372800045447
323300075448
932800005449
932000015450
352050045451
321000075452
732050005453
332000035454
329050065455
532000095456
312050025457
327000055458
332050085459
332007095460
392002025461
325007055462
132002085463
372007015464
323002045465
932007075466
352002005467
321007035468
732002065469
732400075470
332900005471
329400035472
532900065473
312400095474
327900025475
332400055476
392900085477
325400015478
132900045479
132010055480
372060085481
323010015482
932060045483
352010075484
321060005485
732010035486
332060065487
329010095488
532060025489
532008035490
312003065491
327008095492
332003025493
392008055494
325003085495
132008015496
372003045497
323008075498
932003005499
732008052500
332003055501
329008058502
532003051503
312008054504
327003057505
332008050506
392003053507
325008056508
132003059509
132500050510
372000053511
323500056512
932000059513
352500052514
321000055515
732500058516
332000051517
329500054518
532000057519
532020058520
312070051521
327020054522
332070057523
392020050524
325070053525
132020056526
372070059527
323020052528
932070055529
932009056530
352004059531
321009052532
732004055533
332009058534
329004051535
532009054536
312004057537
327009050538
332004053539
332600054540
392100057541
325600050542
132100053543
372600056544
323100059545
932600052546
352100055547
321600058548
732100051549
732030052550
332080055551
329030058552
532080051553
312030054554
327080057555
332030050556
392080053557
325030056558
132080059559
132000050560
372005053561
323000056562
932005059563
352000052564
321005055565
732000058566
332005051567
329000054568
532005057569
532700058570
312200051571
327700054572
332200057573
392700050574
325200053575
132700056576
372200059577
323700052578
932200055579
932040056580
352090059581
321040052582
732090055583
332040058584
329090051585
532040054586
312090057587
327040050588
332090053589
332001054590
392006057591
325001050592
132006053593
372001056594
323006059595
932001052596
352006055597
321001058598
732006051599
532001305600
312006605601
327001905602
332006205603
392001505604
325006805605
132001105606
372006405607
323001705608
932006005609
932800105610
352300405611
321800705612
732300005613
332800305614
329300605615
532800905616
312300205617
327800505618
332300805619
332050905620
392000205621
325050505622
132000805623
372050105624
323000405625
932050705626
352000005627
321050305628
732000605629
732002705630
332007005631
329002305632
532007605633
312002905634
327007205635
332002505636
392007805637
325002105638
132007405639
132900505640
372400805641
323900105642
932400405643
352900705644
321400005645
732900305646
332400605647
329900905648
532400205649
532060305650
312010605651
327060905652
332010205653
392060505654
325010805655
132060105656
372010405657
323060705658
932010005659
932003105660
352008405661
321003705662
732008005663
332003305664
329008605665
532003905666
312008205667
327003505668
332008805669
332000905670
392500205671
325000505672
132500805673
372000105674
323500405675
932000705676
352500005677
321000305678
732500605679
732070705680
332020005681
329070305682
532020605683
312070905684
327020205685
332070505686
392020805687
325070105688
132020405689
132004505690
372009805691
323004105692
932009405693
352004705694
321009005695
732004305696
332009605697
329004905698
532009205699
332004045700
392009075701
325004005702
132009035703
372004065704
323009095705
932004025706
352009055707
321004085708
732009015709
732100025710
332600055711
329100085712
532600015713
312100045714
327600075715
332100005716
392600035717
325100065718
132600095719
132080005720
372030035721
323080065722
932030095723
352080025724
321030055725
732080085726
332030015727
329080045728
532030075729
532005085730
312000015731
327005045732
332000075733
392005005734
325000035735
132005065736
372000095737
323005025738
932000055739
932200065740
352700095741
321200025742
732700055743
332200085744
329700015745
532200045746
312700075747
327200005748
332700035749
332090045750
392040075751
325090005752
132040035753
372090065754
323040095755
932090025756
352040055757
321090085758
732040015759
732006025760
332001055761
329006085762
532001015763
312006045764
327001075765
332006005766
392001035767
325006065768
132001095769
132300005770
372800035771
323300065772
932800095773
352300025774
321800055775
732300085776
332800015777
329300045778
532800075779
532000085780
312050015781
327000045782
332050075783
392000005784
325050035785
132000065786
372050095787
323000025788
932050055789
932007065790
352002095791
321007025792
732002055793
332007085794
329002015795
532007045796
312002075797
327007005798
332002035799
132007055800
372002058801
323007051802
932002054803
352007057804
321002050805
732007053806
332002056807
329007059808
532002052809
532400053810
312900056811
327400059812
332900052813
392400055814
325900058815
132400051816
372900054817
323400057818
932900050819
932010051820
352060054821
321010057822
732060050823
332010053824
329060056825
532010059826
312060052827
327010055828
332060058829
332008059830
392003052831
325008055832
132003058833
372008051834
323003054835
932008057836
352003050837
321008053838
732003056839
732500057840
332000050841
329500053842
532000056843
312500059844
327000052845
332500055846
392000058847
325500051848
132000054849
132020055850
372070058851
323020051852
932070054853
352020057854
321070050855
732020053856
332070056857
329020059858
532070052859
532009053860
312004056861
327009059862
332004052863
392009055864
325004058865
132009051866
372004054867
323009057868
932004050869
932600051870
352100054871
321600057872
732100050873
332600053874
329100056875
532600059876
312100052877
327600055878
332100058879
332030059880
392080052881
325030055882
132080058883
372030051884
323080054885
932030057886
352080050887
321030053888
732080056889
732000057890
332005050891
329000053892
532005056893
312000059894
327005052895
332000055896
392005058897
325000051898
132005054899
932000605900
352005905901
321000205902
732005505903
332000805904
329005105905
532000405906
312005705907
327000005908
332005305909
332700405910
392200705911
325700005912
132200305913
372700605914
323200905915
932700205916
352200505917
321700805918
732200105919
732040205920
332090505921
329040805922
532090105923
312040405924
327090705925
332040005926
392090305927
325040605928
132090905929
132001005930
372006305931
323001605932
932006905933
352001205934
321006505935
732001805936
332006105937
329001405938
532006705939
532800805940
312300105941
327800405942
332300705943
392800005944
325300305945
132800605946
372300905947
323800205948
932300505949
932050605950
352000905951
321050205952
732000505953
332050805954
329000105955
532050405956
312000705957
327050005958
332000305959
332002405960
392007705961
325002005962
132007305963
372002605964
323007905965
932002205966
352007505967
321002805968
732007105969
732900205970
332400505971
329900805972
532400105973
312900405974
327400705975
332900005976
392400305977
325900605978
132400905979
132060005980
372010305981
323060605982
932010905983
352060205984
321010505985
732060805986
332010105987
329060405988
532010705989
532003805990
312008105991
327003405992
332008705993
392003005994
325008305995
132003605996
372008905997
323003205998
932008505999
932002306000