322007617001
328002917002
432007217003
302002517004
326007817005
232002117006
382007417007
324002717008
032007017009
032900117010
362400417011
322900717012
832400017013
342900317014
320400617015
632900917016
322400217017
328900517018
432400817019
432060917020
302010217021
326060517022
232010817023
382060117024
324010417025
032060717026
362010017027
322060317028
832010617029
832003717030
342008017031
320003317032
632008617033
322003917034
328008217035
432003517036
302008817037
326003117038
232008417039
232000517040
382500817041
324000117042
032500417043
362000717044
322500017045
832000317046
342500617047
320000917048
632500217049
632070317050
322020617051
328070917052
432020217053
302070517054
326020817055
232070117056
382020417057
324070717058
032020017059
032004117060
362009417061
322004717062
832009017063
342004317064
320009617065
632004917066
322009217067
328004517068
432009817069
432100917070
302600217071
326100517072
232600817073
382100117074
324600417075
032100717076
362600017077
322100317078
832600617079
832080717080
342030017081
320080317082
632030617083
322080917084
328030217085
432080517086
302030817087
326080117088
232030417089
232005517090
382000817091
324005117092
032000417093
362005717094
322000017095
832005317096
342000617097
320005917098
632000217099
432005147100
302000177101
326005107102
232000137103
382005167104
324000197105
032005127106
362000157107
322005187108
832000117109
832200127110
342700157111
320200187112
632700117113
322200147114
328700177115
432200107116
302700137117
326200167118
232700197119
232090107120
382040137121
324090167122
032040197123
362090127124
322040157125
832090187126
342040117127
320090147128
632040177129
632006187130
322001117131
328006147132
432001177133
302006107134
326001137135
232006167136
382001197137
324006127138
032001157139
032300167140
362800197141
322300127142
832800157143
342300187144
320800117145
632300147146
322800177147
328300107148
432800137149
432000147150
302050177151
326000107152
232050137153
382000167154
324050197155
032000127156
362050157157
322000187158
832050117159
832007127160
342002157161
320007187162
632002117163
322007147164
328002177165
432007107166
302002137167
326007167168
232002197169
232400107170
382900137171
324400167172
032900197173
362400127174
322900157175
832400187176
342900117177
320400147178
632900177179
632010187180
322060117181
328010147182
432060177183
302010107184
326060137185
232010167186
382060197187
324010127188
032060157189
032008167190
362003197191
322008127192
832003157193
342008187194
320003117195
632008147196
322003177197
328008107198
432003137199
232008175200
382003178201
324008171202
032003174203
362008177204
322003170205
832008173206
342003176207
320008179208
632003172209
632500173210
322000176211
328500179212
432000172213
302500175214
326000178215
232500171216
382000174217
324500177218
032000170219
032020171220
362070174221
322020177222
832070170223
342020173224
320070176225
632020179226
322070172227
328020175228
432070178229
432009179230
302004172231
326009175232
232004178233
382009171234
324004174235
032009177236
362004170237
322009173238
832004176239
832600177240
342100170241
320600173242
632100176243
322600179244
328100172245
432600175246
302100178247
326600171248
232100174249
232030175250
382080178251
324030171252
032080174253
362030177254
322080170255
832030173256
342080176257
320030179258
632080172259
632000173260
322005176261
328000179262
432005172263
302000175264
326005178265
232000171266
382005174267
324000177268
032005170269
032700171270
362200174271
322700177272
832200170273
342700173274
320200176275
632700179276
322200172277
328700175278
432200178279
432040179280
302090172281
326040175282
232090178283
382040171284
324090174285
032040177286
362090170287
322040173288
832090176289
832001177290
342006170291
320001173292
632006176293
322001179294
328006172295
432001175296
302006178297
326001171298
232006174299
032001617300
362006917301
322001217302
832006517303
342001817304
320006117305
632001417306
322006717307
328001017308
432006317309
432800417310
302300717311
326800017312
232300317313
382800617314
324300917315
032800217316
362300517317
322800817318
832300117319
832050217320
342000517321
320050817322
632000117323
322050417324
328000717325
432050017326
302000317327
326050617328
232000917329
232002017330
382007317331
324002617332
032007917333
362002217334
322007517335
832002817336
342007117337
320002417338
632007717339
632900817340
322400117341
328900417342
432400717343
302900017344
326400317345
232900617346
382400917347
324900217348
032400517349
032060617350
362010917351
322060217352
832010517353
342060817354
320010117355
632060417356
322010717357
328060017358
432010317359
432003417360
302008717361
326003017362
232008317363
382003617364
324008917365
032003217366
362008517367
322003817368
832008117369
832000217370
342500517371
320000817372
632500117373
322000417374
328500717375
432000017376
302500317377
326000617378
232500917379
232070017380
382020317381
324070617382
032020917383
362070217384
322020517385
832070817386
342020117387
320070417388
632020717389
632004817390
322009117391
328004417392
432009717393
302004017394
326009317395
232004617396
382009917397
324004217398
032009517399
832004177400
342009107401
320004137402
632009167403
322004197404
328009127405
432004157406
302009187407
326004117408
232009147409
232100157410
382600187411
324100117412
032600147413
362100177414
322600107415
832100137416
342600167417
320100197418
632600127419
632080137420
322030167421
328080197422
432030127423
302080157424
326030187425
232080117426
382030147427
324080177428
032030107429
032005117430
362000147431
322005177432
832000107433
342005137434
320000167435
632005197436
322000127437
328005157438
432000187439
432200197440
302700127441
326200157442
232700187443
382200117444
324700147445
032200177446
362700107447
322200137448
832700167449
832090177450
342040107451
320090137452
632040167453
322090197454
328040127455
432090157456
302040187457
326090117458
232040147459
232006157460
382001187461
324006117462
032001147463
362006177464
322001107465
832006137466
342001167467
320006197468
632001127469
632300137470
322800167471
328300197472
432800127473
302300157474
326800187475
232300117476
382800147477
324300177478
032800107479
032000117480
362050147481
322000177482
832050107483
342000137484
320050167485
632000197486
322050127487
328000157488
432050187489
432007197490
302002127491
326007157492
232002187493
382007117494
324002147495
032007177496
362002107497
322007137498
832002167499
632007178500
322002171501
328007174502
432002177503
302007170504
326002173505
232007176506
382002179507
324007172508
032002175509
032400176510
362900179511
322400172512
832900175513
342400178514
320900171515
632400174516
322900177517
328400170518
432900173519
432010174520
302060177521
326010170522
232060173523
382010176524
324060179525
032010172526
362060175527
322010178528
832060171529
832008172530
342003175531
320008178532
632003171533
322008174534
328003177535
432008170536
302003173537
326008176538
232003179539
232500170540
382000173541
324500176542
032000179543
362500172544
322000175545
832500178546
342000171547
320500174548
632000177549
632020178550
322070171551
328020174552
432070177553
302020170554
326070173555
232020176556
382070179557
324020172558
032070175559
032009176560
362004179561
322009172562
832004175563
342009178564
320004171565
632009174566
322004177567
328009170568
432004173569
432600174570
302100177571
326600170572
232100173573
382600176574
324100179575
032600172576
362100175577
322600178578
832100171579
832030172580
342080175581
320030178582
632080171583
322030174584
328080177585
432030170586
302080173587
326030176588
232080179589
232000170590
382005173591
324000176592
032005179593
362000172594
322005175595
832000178596
342005171597
320000174598
632005177599
432000917600
302005217601
326000517602
232005817603
382000117604
324005417605
032000717606
362005017607
322000317608
832005617609
832700717610
342200017611
320700317612
632200617613
322700917614
328200217615
432700517616
302200817617
326700117618
232200417619
232040517620
382090817621
324040117622
032090417623
362040717624
322090017625
832040317626
342090617627
320040917628
632090217629
632001317630
322006617631
328001917632
432006217633
302001517634
326006817635
232001117636
382006417637
324001717638
032006017639
032800117640
362300417641
322800717642
832300017643
342800317644
320300617645
632800917646
322300217647
328800517648
432300817649
432050917650
302000217651
326050517652
232000817653
382050117654
324000417655
032050717656
362000017657
322050317658
832000617659
832002717660
342007017661
320002317662
632007617663
322002917664
328007217665
432002517666
302007817667
326002117668
232007417669
232900517670
382400817671
324900117672
032400417673
362900717674
322400017675
832900317676
342400617677
320900917678
632400217679
632060317680
322010617681
328060917682
432010217683
302060517684
326010817685
232060117686
382010417687
324060717688
032010017689
032003117690
362008417691
322003717692
832008017693
342003317694
320008617695
632003917696
322008217697
328003517698
432008817699
232003107700
382008137701
324003167702
032008197703
362003127704
322008157705
832003187706
342008117707
320003147708
632008177709
632000187710
322500117711
328000147712
432500177713
302000107714
326500137715
232000167716
382500197717
324000127718
032500157719
032070167720
362020197721
322070127722
832020157723
342070187724
320020117725
632070147726
322020177727
328070107728
432020137729
432004147730
302009177731
326004107732
232009137733
382004167734
324009197735
032004127736
362009157737
322004187738
832009117739
832100127740
342600157741
320100187742
632600117743
322100147744
328600177745
432100107746
302600137747
326100167748
232600197749
232080107750
382030137751
324080167752
032030197753
362080127754
322030157755
832080187756
342030117757
320080147758
632030177759
632005187760
322000117761
328005147762
432000177763
302005107764
326000137765
232005167766
382000197767
324005127768
032000157769
032200167770
362700197771
322200127772
832700157773
342200187774
320700117775
632200147776
322700177777
328200107778
432700137779
432090147780
302040177781
326090107782
232040137783
382090167784
324040197785
032090127786
362040157787
322090187788
832040117789
832006127790
342001157791
320006187792
632001117793
322006147794
328001177795
432006107796
302001137797
326006167798
232001197799
032006171800
362001174801
322006177802
832001170803
342006173804
320001176805
632006179806
322001172807
328006175808
432001178809
432300179810
302800172811
326300175812
232800178813
382300171814
324800174815
032300177816
362800170817
322300173818
832800176819
832000177820
342050170821
320000173822
632050176823
322000179824
328050172825
432000175826
302050178827
326000171828
232050174829
232007175830
382002178831
324007171832
032002174833
362007177834
322002170835
832007173836
342002176837
320007179838
632002172839
632400173840
322900176841
328400179842
432900172843
302400175844
326900178845
232400171846
382900174847
324400177848
032900170849
032010171850
362060174851
322010177852
832060170853
342010173854
320060176855
632010179856
322060172857
328010175858
432060178859
432008179860
302003172861
326008175862
232003178863
382008171864
324003174865
032008177866
362003170867
322008173868
832003176869
832500177870
342000170871
320500173872
632000176873
322500179874
328000172875
432500175876
302000178877
326500171878
232000174879
232020175880
382070178881
324020171882
032070174883
362020177884
322070170885
832020173886
342070176887
320020179888
632070172889
632009173890
322004176891
328009179892
432004172893
302009175894
326004178895
232009171896
382004174897
324009177898
032004170899
832009217900
342004517901
320009817902
632004117903
322009417904
328004717905
432009017906
302004317907
326009617908
232004917909
232600017910
382100317911
324600617912
032100917913
362600217914
322100517915
832600817916
342100117917
320600417918
632100717919
632030817920
322080117921
328030417922
432080717923
302030017924
326080317925
232030617926
382080917927
324030217928
032080517929
032000617930
362005917931
322000217932
832005517933
342000817934
320005117935
632000417936
322005717937
328000017938
432005317939
432700417940
302200717941
326700017942
232200317943
382700617944
324200917945
032700217946
362200517947
322700817948
832200117949
832040217950
342090517951
320040817952
632090117953
322040417954
328090717955
432040017956
302090317957
326040617958
232090917959
232001017960
382006317961
324001617962
032006917963
362001217964
322006517965
832001817966
342006117967
320001417968
632006717969
632800817970
322300117971
328800417972
432300717973
302800017974
326300317975
232800617976
382300917977
324800217978
032300517979
032050617980
362000917981
322050217982
832000517983
342050817984
320000117985
632050417986
322000717987
328050017988
432000317989
432002417990
302007717991
326002017992
232007317993
382002617994
324007917995
032002217996
362007517997
322002817998
832007117999
832001918000