342006218001
320001518002
632006818003
322001118004
328006418005
432001718006
302006018007
326001318008
232006618009
232800718010
382300018011
324800318012
032300618013
362800918014
322300218015
832800518016
342300818017
320800118018
632300418019
632050518020
322000818021
328050118022
432000418023
302050718024
326000018025
232050318026
382000618027
324050918028
032000218029
032002318030
362007618031
322002918032
832007218033
342002518034
320007818035
632002118036
322007418037
328002718038
432007018039
432900118040
302400418041
326900718042
232400018043
382900318044
324400618045
032900918046
362400218047
322900518048
832400818049
832060918050
342010218051
320060518052
632010818053
322060118054
328010418055
432060718056
302010018057
326060318058
232010618059
232003718060
382008018061
324003318062
032008618063
362003918064
322008218065
832003518066
342008818067
320003118068
632008418069
632000518070
322500818071
328000118072
432500418073
302000718074
326500018075
232000318076
382500618077
324000918078
032500218079
032070318080
362020618081
322070918082
832020218083
342070518084
320020818085
632070118086
322020418087
328070718088
432020018089
432004118090
302009418091
326004718092
232009018093
382004318094
324009618095
032004918096
362009218097
322004518098
832009818099
632004108100
322009138101
328004168102
432009198103
302004128104
326009158105
232004188106
382009118107
324004148108
032009178109
032100188110
362600118111
322100148112
832600178113
342100108114
320600138115
632100168116
322600198117
328100128118
432600158119
432080168120
302030198121
326080128122
232030158123
382080188124
324030118125
032080148126
362030178127
322080108128
832030138129
832005148130
342000178131
320005108132
632000138133
322005168134
328000198135
432005128136
302000158137
326005188138
232000118139
232200128140
382700158141
324200188142
032700118143
362200148144
322700178145
832200108146
342700138147
320200168148
632700198149
632090108150
322040138151
328090168152
432040198153
302090128154
326040158155
232090188156
382040118157
324090148158
032040178159
032006188160
362001118161
322006148162
832001178163
342006108164
320001138165
632006168166
322001198167
328006128168
432001158169
432300168170
302800198171
326300128172
232800158173
382300188174
324800118175
032300148176
362800178177
322300108178
832800138179
832000148180
342050178181
320000108182
632050138183
322000168184
328050198185
432000128186
302050158187
326000188188
232050118189
232007128190
382002158191
324007188192
032002118193
362007148194
322002178195
832007108196
342002138197
320007168198
632002198199
432007181200
302002184201
326007187202
232002180203
382007183204
324002186205
032007189206
362002182207
322007185208
832002188209
832400189210
342900182211
320400185212
632900188213
322400181214
328900184215
432400187216
302900180217
326400183218
232900186219
232010187220
382060180221
324010183222
032060186223
362010189224
322060182225
832010185226
342060188227
320010181228
632060184229
632008185230
322003188231
328008181232
432003184233
302008187234
326003180235
232008183236
382003186237
324008189238
032003182239
032500183240
362000186241
322500189242
832000182243
342500185244
320000188245
632500181246
322000184247
328500187248
432000180249
432020181250
302070184251
326020187252
232070180253
382020183254
324070186255
032020189256
362070182257
322020185258
832070188259
832009189260
342004182261
320009185262
632004188263
322009181264
328004184265
432009187266
302004180267
326009183268
232004186269
232600187270
382100180271
324600183272
032100186273
362600189274
322100182275
832600185276
342100188277
320600181278
632100184279
632030185280
322080188281
328030181282
432080184283
302030187284
326080180285
232030183286
382080186287
324030189288
032080182289
032000183290
362005186291
322000189292
832005182293
342000185294
320005188295
632000181296
322005184297
328000187298
432005180299
232000218300
382005518301
324000818302
032005118303
362000418304
322005718305
832000018306
342005318307
320000618308
632005918309
632700018310
322200318311
328700618312
432200918313
302700218314
326200518315
232700818316
382200118317
324700418318
032200718319
032040818320
362090118321
322040418322
832090718323
342040018324
320090318325
632040618326
322090918327
328040218328
432090518329
432001618330
302006918331
326001218332
232006518333
382001818334
324006118335
032001418336
362006718337
322001018338
832006318339
832800418340
342300718341
320800018342
632300318343
322800618344
328300918345
432800218346
302300518347
326800818348
232300118349
232050218350
382000518351
324050818352
032000118353
362050418354
322000718355
832050018356
342000318357
320050618358
632000918359
632002018360
322007318361
328002618362
432007918363
302002218364
326007518365
232002818366
382007118367
324002418368
032007718369
032900818370
362400118371
322900418372
832400718373
342900018374
320400318375
632900618376
322400918377
328900218378
432400518379
432060618380
302010918381
326060218382
232010518383
382060818384
324010118385
032060418386
362010718387
322060018388
832010318389
832003418390
342008718391
320003018392
632008318393
322003618394
328008918395
432003218396
302008518397
326003818398
232008118399
032003138400
362008168401
322003198402
832008128403
342003158404
320008188405
632003118406
322008148407
328003178408
432008108409
432000118410
302500148411
326000178412
232500108413
382000138414
324500168415
032000198416
362500128417
322000158418
832500188419
832070198420
342020128421
320070158422
632020188423
322070118424
328020148425
432070178426
302020108427
326070138428
232020168429
232004178430
382009108431
324004138432
032009168433
362004198434
322009128435
832004158436
342009188437
320004118438
632009148439
632100158440
322600188441
328100118442
432600148443
302100178444
326600108445
232100138446
382600168447
324100198448
032600128449
032080138450
362030168451
322080198452
832030128453
342080158454
320030188455
632080118456
322030148457
328080178458
432030108459
432005118460
302000148461
326005178462
232000108463
382005138464
324000168465
032005198466
362000128467
322005158468
832000188469
832200198470
342700128471
320200158472
632700188473
322200118474
328700148475
432200178476
302700108477
326200138478
232700168479
232090178480
382040108481
324090138482
032040168483
362090198484
322040128485
832090158486
342040188487
320090118488
632040148489
632006158490
322001188491
328006118492
432001148493
302006178494
326001108495
232006138496
382001168497
324006198498
032001128499
832006184500
342001187501
320006180502
632001183503
322006186504
328001189505
432006182506
302001185507
326006188508
232001181509
232300182510
382800185511
324300188512
032800181513
362300184514
322800187515
832300180516
342800183517
320300186518
632800189519
632000180520
322050183521
328000186522
432050189523
302000182524
326050185525
232000188526
382050181527
324000184528
032050187529
032007188530
362002181531
322007184532
832002187533
342007180534
320002183535
632007186536
322002189537
328007182538
432002185539
432400186540
302900189541
326400182542
232900185543
382400188544
324900181545
032400184546
362900187547
322400180548
832900183549
832010184550
342060187551
320010180552
632060183553
322010186554
328060189555
432010182556
302060185557
326010188558
232060181559
232008182560
382003185561
324008188562
032003181563
362008184564
322003187565
832008180566
342003183567
320008186568
632003189569
632500180570
322000183571
328500186572
432000189573
302500182574
326000185575
232500188576
382000181577
324500184578
032000187579
032020188580
362070181581
322020184582
832070187583
342020180584
320070183585
632020186586
322070189587
328020182588
432070185589
432009186590
302004189591
326009182592
232004185593
382009188594
324004181595
032009184596
362004187597
322009180598
832004183599
632009518600
322004818601
328009118602
432004418603
302009718604
326004018605
232009318606
382004618607
324009918608
032004218609
032600318610
362100618611
322600918612
832100218613
342600518614
320100818615
632600118616
322100418617
328600718618
432100018619
432030118620
302080418621
326030718622
232080018623
382030318624
324080618625
032030918626
362080218627
322030518628
832080818629
832000918630
342005218631
320000518632
632005818633
322000118634
328005418635
432000718636
302005018637
326000318638
232005618639
232700718640
382200018641
324700318642
032200618643
362700918644
322200218645
832700518646
342200818647
320700118648
632200418649
632040518650
322090818651
328040118652
432090418653
302040718654
326090018655
232040318656
382090618657
324040918658
032090218659
032001318660
362006618661
322001918662
832006218663
342001518664
320006818665
632001118666
322006418667
328001718668
432006018669
432800118670
302300418671
326800718672
232300018673
382800318674
324300618675
032800918676
362300218677
322800518678
832300818679
832050918680
342000218681
320050518682
632000818683
322050118684
328000418685
432050718686
302000018687
326050318688
232000618689
232002718690
382007018691
324002318692
032007618693
362002918694
322007218695
832002518696
342007818697
320002118698
632007418699
432002168700
302007198701
326002128702
232007158703
382002188704
324007118705
032002148706
362007178707
322002108708
832007138709
832900148710
342400178711
320900108712
632400138713
322900168714
328400198715
432900128716
302400158717
326900188718
232400118719
232060128720
382010158721
324060188722
032010118723
362060148724
322010178725
832060108726
342010138727
320060168728
632010198729
632003108730
322008138731
328003168732
432008198733
302003128734
326008158735
232003188736
382008118737
324003148738
032008178739
032000188740
362500118741
322000148742
832500178743
342000108744
320500138745
632000168746
322500198747
328000128748
432500158749
432070168750
302020198751
326070128752
232020158753
382070188754
324020118755
032070148756
362020178757
322070108758
832020138759
832004148760
342009178761
320004108762
632009138763
322004168764
328009198765
432004128766
302009158767
326004188768
232009118769
232100128770
382600158771
324100188772
032600118773
362100148774
322600178775
832100108776
342600138777
320100168778
632600198779
632080108780
322030138781
328080168782
432030198783
302080128784
326030158785
232080188786
382030118787
324080148788
032030178789
032005188790
362000118791
322005148792
832000178793
342005108794
320000138795
632005168796
322000198797
328005128798
432000158799
232005187800
382000180801
324005183802
032000186803
362005189804
322000182805
832005185806
342000188807
320005181808
632000184809
632200185810
322700188811
328200181812
432700184813
302200187814
326700180815
232200183816
382700186817
324200189818
032700182819
032090183820
362040186821
322090189822
832040182823
342090185824
320040188825
632090181826
322040184827
328090187828
432040180829
432006181830
302001184831
326006187832
232001180833
382006183834
324001186835
032006189836
362001182837
322006185838
832001188839
832300189840
342800182841
320300185842
632800188843
322300181844
328800184845
432300187846
302800180847
326300183848
232800186849
232000187850
382050180851
324000183852
032050186853
362000189854
322050182855
832000185856
342050188857
320000181858
632050184859
632007185860
322002188861
328007181862
432002184863
302007187864
326002180865
232007183866
382002186867
324007189868
032002182869
032400183870
362900186871
322400189872
832900182873
342400185874
320900188875
632400181876
322900184877
328400187878
432900180879
432010181880
302060184881
326010187882
232060180883
382010183884
324060186885
032010189886
362060182887
322010185888
832060188889
832008189890
342003182891
320008185892
632003188893
322008181894
328003184895
432008187896
302003180897
326008183898
232003186899
032008818900
362003118901
322008418902
832003718903
342008018904
320003318905
632008618906
322003918907
328008218908
432003518909
432500618910
302000918911
326500218912
232000518913
382500818914
324000118915
032500418916
362000718917
322500018918
832000318919
832020418920
342070718921
320020018922
632070318923
322020618924
328070918925
432020218926
302070518927
326020818928
232070118929
232009218930
382004518931
324009818932
032004118933
362009418934
322004718935
832009018936
342004318937
320009618938
632004918939
632600018940
322100318941
328600618942
432100918943
302600218944
326100518945
232600818946
382100118947
324600418948
032100718949
032030818950
362080118951
322030418952
832080718953
342030018954
320080318955
632030618956
322080918957
328030218958
432080518959
432000618960
302005918961
326000218962
232005518963
382000818964
324005118965
032000418966
362005718967
322000018968
832005318969
832700418970
342200718971
320700018972
632200318973
322700618974
328200918975
432700218976
302200518977
326700818978
232200118979
232040218980
382090518981
324040818982
032090118983
362040418984
322090718985
832040018986
342090318987
320040618988
632090918989
632001018990
322006318991
328001618992
432006918993
302001218994
326006518995
232001818996
382006118997
324001418998
032006718999
032000519000