382009415001
324004715002
032009015003
362004315004
322009615005
832004915006
342009215007
320004515008
632009815009
632100915010
322600215011
328100515012
432600815013
302100115014
326600415015
232100715016
382600015017
324100315018
032600615019
032080715020
362030015021
322080315022
832030615023
342080915024
320030215025
632080515026
322030815027
328080115028
432030415029
432005515030
302000815031
326005115032
232000415033
382005715034
324000015035
032005315036
362000615037
322005915038
832000215039
832200315040
342700615041
320200915042
632700215043
322200515044
328700815045
432200115046
302700415047
326200715048
232700015049
232090115050
382040415051
324090715052
032040015053
362090315054
322040615055
832090915056
342040215057
320090515058
632040815059
632006915060
322001215061
328006515062
432001815063
302006115064
326001415065
232006715066
382001015067
324006315068
032001615069
032300715070
362800015071
322300315072
832800615073
342300915074
320800215075
632300515076
322800815077
328300115078
432800415079
432000515080
302050815081
326000115082
232050415083
382000715084
324050015085
032000315086
362050615087
322000915088
832050215089
832007315090
342002615091
320007915092
632002215093
322007515094
328002815095
432007115096
302002415097
326007715098
232002015099
032007125100
362002155101
322007185102
832002115103
342007145104
320002175105
632007105106
322002135107
328007165108
432002195109
432400105110
302900135111
326400165112
232900195113
382400125114
324900155115
032400185116
362900115117
322400145118
832900175119
832010185120
342060115121
320010145122
632060175123
322010105124
328060135125
432010165126
302060195127
326010125128
232060155129
232008165130
382003195131
324008125132
032003155133
362008185134
322003115135
832008145136
342003175137
320008105138
632003135139
632500145140
322000175141
328500105142
432000135143
302500165144
326000195145
232500125146
382000155147
324500185148
032000115149
032020125150
362070155151
322020185152
832070115153
342020145154
320070175155
632020105156
322070135157
328020165158
432070195159
432009105160
302004135161
326009165162
232004195163
382009125164
324004155165
032009185166
362004115167
322009145168
832004175169
832600185170
342100115171
320600145172
632100175173
322600105174
328100135175
432600165176
302100195177
326600125178
232100155179
232030165180
382080195181
324030125182
032080155183
362030185184
322080115185
832030145186
342080175187
320030105188
632080135189
632000145190
322005175191
328000105192
432005135193
302000165194
326005195195
232000125196
382005155197
324000185198
032005115199
832000153200
342005156201
320000159202
632005152203
322000155204
328005158205
432000151206
302005154207
326000157208
232005150209
232700151210
382200154211
324700157212
032200150213
362700153214
322200156215
832700159216
342200152217
320700155218
632200158219
632040159220
322090152221
328040155222
432090158223
302040151224
326090154225
232040157226
382090150227
324040153228
032090156229
032001157230
362006150231
322001153232
832006156233
342001159234
320006152235
632001155236
322006158237
328001151238
432006154239
432800155240
302300158241
326800151242
232300154243
382800157244
324300150245
032800153246
362300156247
322800159248
832300152249
832050153250
342000156251
320050159252
632000152253
322050155254
328000158255
432050151256
302000154257
326050157258
232000150259
232002151260
382007154261
324002157262
032007150263
362002153264
322007156265
832002159266
342007152267
320002155268
632007158269
632900159270
322400152271
328900155272
432400158273
302900151274
326400154275
232900157276
382400150277
324900153278
032400156279
032060157280
362010150281
322060153282
832010156283
342060159284
320010152285
632060155286
322010158287
328060151288
432010154289
432003155290
302008158291
326003151292
232008154293
382003157294
324008150295
032003153296
362008156297
322003159298
832008152299
632003415300
322008715301
328003015302
432008315303
302003615304
326008915305
232003215306
382008515307
324003815308
032008115309
032000215310
362500515311
322000815312
832500115313
342000415314
320500715315
632000015316
322500315317
328000615318
432500915319
432070015320
302020315321
326070615322
232020915323
382070215324
324020515325
032070815326
362020115327
322070415328
832020715329
832004815330
342009115331
320004415332
632009715333
322004015334
328009315335
432004615336
302009915337
326004215338
232009515339
232100615340
382600915341
324100215342
032600515343
362100815344
322600115345
832100415346
342600715347
320100015348
632600315349
632080415350
322030715351
328080015352
432030315353
302080615354
326030915355
232080215356
382030515357
324080815358
032030115359
032005215360
362000515361
322005815362
832000115363
342005415364
320000715365
632005015366
322000315367
328005615368
432000915369
432200015370
302700315371
326200615372
232700915373
382200215374
324700515375
032200815376
362700115377
322200415378
832700715379
832090815380
342040115381
320090415382
632040715383
322090015384
328040315385
432090615386
302040915387
326090215388
232040515389
232006615390
382001915391
324006215392
032001515393
362006815394
322001115395
832006415396
342001715397
320006015398
632001315399
432006155400
302001185401
326006115402
232001145403
382006175404
324001105405
032006135406
362001165407
322006195408
832001125409
832300135410
342800165411
320300195412
632800125413
322300155414
328800185415
432300115416
302800145417
326300175418
232800105419
232000115420
382050145421
324000175422
032050105423
362000135424
322050165425
832000195426
342050125427
320000155428
632050185429
632007195430
322002125431
328007155432
432002185433
302007115434
326002145435
232007175436
382002105437
324007135438
032002165439
032400175440
362900105441
322400135442
832900165443
342400195444
320900125445
632400155446
322900185447
328400115448
432900145449
432010155450
302060185451
326010115452
232060145453
382010175454
324060105455
032010135456
362060165457
322010195458
832060125459
832008135460
342003165461
320008195462
632003125463
322008155464
328003185465
432008115466
302003145467
326008175468
232003105469
232500115470
382000145471
324500175472
032000105473
362500135474
322000165475
832500195476
342000125477
320500155478
632000185479
632020195480
322070125481
328020155482
432070185483
302020115484
326070145485
232020175486
382070105487
324020135488
032070165489
032009175490
362004105491
322009135492
832004165493
342009195494
320004125495
632009155496
322004185497
328009115498
432004145499
232009156500
382004159501
324009152502
032004155503
362009158504
322004151505
832009154506
342004157507
320009150508
632004153509
632600154510
322100157511
328600150512
432100153513
302600156514
326100159515
232600152516
382100155517
324600158518
032100151519
032030152520
362080155521
322030158522
832080151523
342030154524
320080157525
632030150526
322080153527
328030156528
432080159529
432000150530
302005153531
326000156532
232005159533
382000152534
324005155535
032000158536
362005151537
322000154538
832005157539
832700158540
342200151541
320700154542
632200157543
322700150544
328200153545
432700156546
302200159547
326700152548
232200155549
232040156550
382090159551
324040152552
032090155553
362040158554
322090151555
832040154556
342090157557
320040150558
632090153559
632001154560
322006157561
328001150562
432006153563
302001156564
326006159565
232001152566
382006155567
324001158568
032006151569
032800152570
362300155571
322800158572
832300151573
342800154574
320300157575
632800150576
322300153577
328800156578
432300159579
432050150580
302000153581
326050156582
232000159583
382050152584
324000155585
032050158586
362000151587
322050154588
832000157589
832002158590
342007151591
320002154592
632007157593
322002150594
328007153595
432002156596
302007159597
326002152598
232007155599
032002715600
362007015601
322002315602
832007615603
342002915604
320007215605
632002515606
322007815607
328002115608
432007415609
432900515610
302400815611
326900115612
232400415613
382900715614
324400015615
032900315616
362400615617
322900915618
832400215619
832060315620
342010615621
320060915622
632010215623
322060515624
328010815625
432060115626
302010415627
326060715628
232010015629
232003115630
382008415631
324003715632
032008015633
362003315634
322008615635
832003915636
342008215637
320003515638
632008815639
632000915640
322500215641
328000515642
432500815643
302000115644
326500415645
232000715646
382500015647
324000315648
032500615649
032070715650
362020015651
322070315652
832020615653
342070915654
320020215655
632070515656
322020815657
328070115658
432020415659
432004515660
302009815661
326004115662
232009415663
382004715664
324009015665
032004315666
362009615667
322004915668
832009215669
832100315670
342600615671
320100915672
632600215673
322100515674
328600815675
432100115676
302600415677
326100715678
232600015679
232080115680
382030415681
324080715682
032030015683
362080315684
322030615685
832080915686
342030215687
320080515688
632030815689
632005915690
322000215691
328005515692
432000815693
302005115694
326000415695
232005715696
382000015697
324005315698
032000615699
832005185700
342000115701
320005145702
632000175703
322005105704
328000135705
432005165706
302000195707
326005125708
232000155709
232200165710
382700195711
324200125712
032700155713
362200185714
322700115715
832200145716
342700175717
320200105718
632700135719
632090145720
322040175721
328090105722
432040135723
302090165724
326040195725
232090125726
382040155727
324090185728
032040115729
032006125730
362001155731
322006185732
832001115733
342006145734
320001175735
632006105736
322001135737
328006165738
432001195739
432300105740
302800135741
326300165742
232800195743
382300125744
324800155745
032300185746
362800115747
322300145748
832800175749
832000185750
342050115751
320000145752
632050175753
322000105754
328050135755
432000165756
302050195757
326000125758
232050155759
232007165760
382002195761
324007125762
032002155763
362007185764
322002115765
832007145766
342002175767
320007105768
632002135769
632400145770
322900175771
328400105772
432900135773
302400165774
326900195775
232400125776
382900155777
324400185778
032900115779
032010125780
362060155781
322010185782
832060115783
342010145784
320060175785
632010105786
322060135787
328010165788
432060195789
432008105790
302003135791
326008165792
232003195793
382008125794
324003155795
032008185796
362003115797
322008145798
832003175799
632008159800
322003152801
328008155802
432003158803
302008151804
326003154805
232008157806
382003150807
324008153808
032003156809
032500157810
362000150811
322500153812
832000156813
342500159814
320000152815
632500155816
322000158817
328500151818
432000154819
432020155820
302070158821
326020151822
232070154823
382020157824
324070150825
032020153826
362070156827
322020159828
832070152829
832009153830
342004156831
320009159832
632004152833
322009155834
328004158835
432009151836
302004154837
326009157838
232004150839
232600151840
382100154841
324600157842
032100150843
362600153844
322100156845
832600159846
342100152847
320600155848
632100158849
632030159850
322080152851
328030155852
432080158853
302030151854
326080154855
232030157856
382080150857
324030153858
032080156859
032000157860
362005150861
322000153862
832005156863
342000159864
320005152865
632000155866
322005158867
328000151868
432005154869
432700155870
302200158871
326700151872
232200154873
382700157874
324200150875
032700153876
362200156877
322700159878
832200152879
832040153880
342090156881
320040159882
632090152883
322040155884
328090158885
432040151886
302090154887
326040157888
232090150889
232001151890
382006154891
324001157892
032006150893
362001153894
322006156895
832001159896
342006152897
320001155898
632006158899
432001015900
302006315901
326001615902
232006915903
382001215904
324006515905
032001815906
362006115907
322001415908
832006715909
832800815910
342300115911
320800415912
632300715913
322800015914
328300315915
432800615916
302300915917
326800215918
232300515919
232050615920
382000915921
324050215922
032000515923
362050815924
322000115925
832050415926
342000715927
320050015928
632000315929
632002415930
322007715931
328002015932
432007315933
302002615934
326007915935
232002215936
382007515937
324002815938
032007115939
032900215940
362400515941
322900815942
832400115943
342900415944
320400715945
632900015946
322400315947
328900615948
432400915949
432060015950
302010315951
326060615952
232010915953
382060215954
324010515955
032060815956
362010115957
322060415958
832010715959
832003815960
342008115961
320003415962
632008715963
322003015964
328008315965
432003615966
302008915967
326003215968
232008515969
232000615970
382500915971
324000215972
032500515973
362000815974
322500115975
832000415976
342500715977
320000015978
632500315979
632070415980
322020715981
328070015982
432020315983
302070615984
326020915985
232070215986
382020515987
324070815988
032020115989
032004215990
362009515991
322004815992
832009115993
342004415994
320009715995
632004015996
322009315997
328004615998
432009915999
432003716000