332003000001
329008300002
532003600003
312008900004
327003200005
332008500006
392003800007
325008100008
132003400009
132500500010
372000800011
323500100012
932000400013
352500700014
321000000015
732500300016
332000600017
329500900018
532000200019
532020300020
312070600021
327020900022
332070200023
392020500024
325070800025
132020100026
372070400027
323020700028
932070000029
932009100030
352004400031
321009700032
732004000033
332009300034
329004600035
532009900036
312004200037
327009500038
332004800039
332600900040
392100200041
325600500042
132100800043
372600100044
323100400045
932600700046
352100000047
321600300048
732100600049
732030700050
332080000051
329030300052
532080600053
312030900054
327080200055
332030500056
392080800057
325030100058
132080400059
132000500060
372005800061
323000100062
932005400063
352000700064
321005000065
732000300066
332005600067
329000900068
532005200069
532700300070
312200600071
327700900072
332200200073
392700500074
325200800075
132700100076
372200400077
323700700078
932200000079
932040100080
352090400081
321040700082
732090000083
332040300084
329090600085
532040900086
312090200087
327040500088
332090800089
332001900090
392006200091
325001500092
132006800093
372001100094
323006400095
932001700096
352006000097
321001300098
732006600099
532001080100
312006010101
327001040102
332006070103
392001000104
325006030105
132001060106
372006090107
323001020108
932006050109
932800060110
352300090111
321800020112
732300050113
332800080114
329300010115
532800040116
312300070117
327800000118
332300030119
332050040120
392000070121
325050000122
132000030123
372050060124
323000090125
932050020126
352000050127
321050080128
732000010129
732002020130
332007050131
329002080132
532007010133
312002040134
327007070135
332002000136
392007030137
325002060138
132007090139
132900000140
372400030141
323900060142
932400090143
352900020144
321400050145
732900080146
332400010147
329900040148
532400070149
532060080150
312010010151
327060040152
332010070153
392060000154
325010030155
132060060156
372010090157
323060020158
932010050159
932003060160
352008090161
321003020162
732008050163
332003080164
329008010165
532003040166
312008070167
327003000168
332008030169
332000040170
392500070171
325000000172
132500030173
372000060174
323500090175
932000020176
352500050177
321000080178
732500010179
732070020180
332020050181
329070080182
532020010183
312070040184
327020070185
332070000186
392020030187
325070060188
132020090189
132004000190
372009030191
323004060192
932009090193
352004020194
321009050195
732004080196
332009010197
329004040198
532009070199
332004009200
392009002201
325004005202
132009008203
372004001204
323009004205
932004007206
352009000207
321004003208
732009006209
732100007210
332600000211
329100003212
532600006213
312100009214
327600002215
332100005216
392600008217
325100001218
132600004219
132080005220
372030008221
323080001222
932030004223
352080007224
321030000225
732080003226
332030006227
329080009228
532030002229
532005003230
312000006231
327005009232
332000002233
392005005234
325000008235
132005001236
372000004237
323005007238
932000000239
932200001240
352700004241
321200007242
732700000243
332200003244
329700006245
532200009246
312700002247
327200005248
332700008249
332090009250
392040002251
325090005252
132040008253
372090001254
323040004255
932090007256
352040000257
321090003258
732040006259
732006007260
332001000261
329006003262
532001006263
312006009264
327001002265
332006005266
392001008267
325006001268
132001004269
132300005270
372800008271
323300001272
932800004273
352300007274
321800000275
732300003276
332800006277
329300009278
532800002279
532000003280
312050006281
327000009282
332050002283
392000005284
325050008285
132000001286
372050004287
323000007288
932050000289
932007001290
352002004291
321007007292
732002000293
332007003294
329002006295
532007009296
312002002297
327007005298
332002008299
132007000300
372002300301
323007600302
932002900303
352007200304
321002500305
732007800306
332002100307
329007400308
532002700309
532400800310
312900100311
327400400312
332900700313
392400000314
325900300315
132400600316
372900900317
323400200318
932900500319
932010600320
352060900321
321010200322
732060500323
332010800324
329060100325
532010400326
312060700327
327010000328
332060300329
332008400330
392003700331
325008000332
132003300333
372008600334
323003900335
932008200336
352003500337
321008800338
732003100339
732500200340
332000500341
329500800342
532000100343
312500400344
327000700345
332500000346
392000300347
325500600348
132000900349
132020000350
372070300351
323020600352
932070900353
352020200354
321070500355
732020800356
332070100357
329020400358
532070700359
532009800360
312004100361
327009400362
332004700363
392009000364
325004300365
132009600366
372004900367
323009200368
932004500369
932600600370
352100900371
321600200372
732100500373
332600800374
329100100375
532600400376
312100700377
327600000378
332100300379
332030400380
392080700381
325030000382
132080300383
372030600384
323080900385
932030200386
352080500387
321030800388
732080100389
732000200390
332005500391
329000800392
532005100393
312000400394
327005700395
332000000396
392005300397
325000600398
132005900399
932000010400
352005040401
321000070402
732005000403
332000030404
329005060405
532000090406
312005020407
327000050408
332005080409
332700090410
392200020411
325700050412
132200080413
372700010414
323200040415
932700070416
352200000417
321700030418
732200060419
732040070420
332090000421
329040030422
532090060423
312040090424
327090020425
332040050426
392090080427
325040010428
132090040429
132001050430
372006080431
323001010432
932006040433
352001070434
321006000435
732001030436
332006060437
329001090438
532006020439
532800030440
312300060441
327800090442
332300020443
392800050444
325300080445
132800010446
372300040447
323800070448
932300000449
932050010450
352000040451
321050070452
732000000453
332050030454
329000060455
532050090456
312000020457
327050050458
332000080459
332002090460
392007020461
325002050462
132007080463
372002010464
323007040465
932002070466
352007000467
321002030468
732007060469
732900070470
332400000471
329900030472
532400060473
312900090474
327400020475
332900050476
392400080477
325900010478
132400040479
132060050480
372010080481
323060010482
932010040483
352060070484
321010000485
732060030486
332010060487
329060090488
532010020489
532003030490
312008060491
327003090492
332008020493
392003050494
325008080495
132003010496
372008040497
323003070498
932008000499
732003002500
332008005501
329003008502
532008001503
312003004504
327008007505
332003000506
392008003507
325003006508
132008009509
132000000510
372500003511
323000006512
932500009513
352000002514
321500005515
732000008516
332500001517
329000004518
532500007519
532070008520
312020001521
327070004522
332020007523
392070000524
325020003525
132070006526
372020009527
323070002528
932020005529
932004006530
352009009531
321004002532
732009005533
332004008534
329009001535
532004004536
312009007537
327004000538
332009003539
332100004540
392600007541
325100000542
132600003543
372100006544
323600009545
932100002546
352600005547
321100008548
732600001549
732080002550
332030005551
329080008552
532030001553
312080004554
327030007555
332080000556
392030003557
325080006558
132030009559
132005000560
372000003561
323005006562
932000009563
352005002564
321000005565
732005008566
332000001567
329005004568
532000007569
532200008570
312700001571
327200004572
332700007573
392200000574
325700003575
132200006576
372700009577
323200002578
932700005579
932090006580
352040009581
321090002582
732040005583
332090008584
329040001585
532090004586
312040007587
327090000588
332040003589
332006004590
392001007591
325006000592
132001003593
372006006594
323001009595
932006002596
352001005597
321006008598
732001001599
532006300600
312001600601
327006900602
332001200603
392006500604
325001800605
132006100606
372001400607
323006700608
932001000609
932300100610
352800400611
321300700612
732800000613
332300300614
329800600615
532300900616
312800200617
327300500618
332800800619
332000900620
392050200621
325000500622
132050800623
372000100624
323050400625
932000700626
352050000627
321000300628
732050600629
732007700630
332002000631
329007300632
532002600633
312007900634
327002200635
332007500636
392002800637
325007100638
132002400639
132400500640
372900800641
323400100642
932900400643
352400700644
321900000645
732400300646
332900600647
329400900648
532900200649
532010300650
312060600651
327010900652
332060200653
392010500654
325060800655
132010100656
372060400657
323010700658
932060000659
932008100660
352003400661
321008700662
732003000663
332008300664
329003600665
532008900666
312003200667
327008500668
332003800669
332500900670
392000200671
325500500672
132000800673
372500100674
323000400675
932500700676
352000000677
321500300678
732000600679
732020700680
332070000681
329020300682
532070600683
312020900684
327070200685
332020500686
392070800687
325020100688
132070400689
132009500690
372004800691
323009100692
932004400693
352009700694
321004000695
732009300696
332004600697
329009900698
532004200699
332009040700
392004070701
325009000702
132004030703
372009060704
323004090705
932009020706
352004050707
321009080708
732004010709
732600020710
332100050711
329600080712
532100010713
312600040714
327100070715
332600000716
392100030717
325600060718
132100090719
132030000720
372080030721
323030060722
932080090723
352030020724
321080050725
732030080726
332080010727
329030040728
532080070729
532000080730
312005010731
327000040732
332005070733
392000000734
325005030735
132000060736
372005090737
323000020738
932005050739
932700060740
352200090741
321700020742
732200050743
332700080744
329200010745
532700040746
312200070747
327700000748
332200030749
332040040750
392090070751
325040000752
132090030753
372040060754
323090090755
932040020756
352090050757
321040080758
732090010759
732001020760
332006050761
329001080762
532006010763
312001040764
327006070765
332001000766
392006030767
325001060768
132006090769
132800000770
372300030771
323800060772
932300090773
352800020774
321300050775
732800080776
332300010777
329800040778
532300070779
532050080780
312000010781
327050040782
332000070783
392050000784
325000030785
132050060786
372000090787
323050020788
932000050789
932002060790
352007090791
321002020792
732007050793
332002080794
329007010795
532002040796
312007070797
327002000798
332007030799
132002005800
372007008801
323002001802
932007004803
352002007804
321007000805
732002003806
332007006807
329002009808
532007002809
532900003810
312400006811
327900009812
332400002813
392900005814
325400008815
132900001816
372400004817
323900007818
932400000819
932060001820
352010004821
321060007822
732010000823
332060003824
329010006825
532060009826
312010002827
327060005828
332010008829
332003009830
392008002831
325003005832
132008008833
372003001834
323008004835
932003007836
352008000837
321003003838
732008006839
732000007840
332500000841
329000003842
532500006843
312000009844
327500002845
332000005846
392500008847
325000001848
132500004849
132070005850
372020008851
323070001852
932020004853
352070007854
321020000855
732070003856
332020006857
329070009858
532020002859
532004003860
312009006861
327004009862
332009002863
392004005864
325009008865
132004001866
372009004867
323004007868
932009000869
932100001870
352600004871
321100007872
732600000873
332100003874
329600006875
532100009876
312600002877
327100005878
332600008879
332080009880
392030002881
325080005882
132030008883
372080001884
323030004885
932080007886
352030000887
321080003888
732030006889
732005007890
332000000891
329005003892
532000006893
312005009894
327000002895
332005005896
392000008897
325005001898
132000004899
932005600900
352000900901
321005200902
732000500903
332005800904
329000100905
532005400906
312000700907
327005000908
332000300909
332200400910
392700700911
325200000912
132700300913
372200600914
323700900915
932200200916
352700500917
321200800918
732700100919
732090200920
332040500921
329090800922
532040100923
312090400924
327040700925
332090000926
392040300927
325090600928
132040900929
132006000930
372001300931
323006600932
932001900933
352006200934
321001500935
732006800936
332001100937
329006400938
532001700939
532300800940
312800100941
327300400942
332800700943
392300000944
325800300945
132300600946
372800900947
323300200948
932800500949
932000600950
352050900951
321000200952
732050500953
332000800954
329050100955
532000400956
312050700957
327000000958
332050300959
332007400960
392002700961
325007000962
132002300963
372007600964
323002900965
932007200966
352002500967
321007800968
732002100969
732400200970
332900500971
329400800972
532900100973
312400400974
327900700975
332400000976
392900300977
325400600978
132900900979
132010000980
372060300981
323010600982
932060900983
352010200984
321060500985
732010800986
332060100987
329010400988
532060700989
532008800990
312003100991
327008400992
332003700993
392008000994
325003300995
132008600996
372003900997
323008200998
932003500999
932007301000