392000803001
325005103002
132000403003
372005703004
323000003005
932005303006
352000603007
321005903008
732000203009
732200303010
332700603011
329200903012
532700203013
312200503014
327700803015
332200103016
392700403017
325200703018
132700003019
132090103020
372040403021
323090703022
932040003023
352090303024
321040603025
732090903026
332040203027
329090503028
532040803029
532006903030
312001203031
327006503032
332001803033
392006103034
325001403035
132006703036
372001003037
323006303038
932001603039
932300703040
352800003041
321300303042
732800603043
332300903044
329800203045
532300503046
312800803047
327300103048
332800403049
332000503050
392050803051
325000103052
132050403053
372000703054
323050003055
932000303056
352050603057
321000903058
732050203059
732007303060
332002603061
329007903062
532002203063
312007503064
327002803065
332007103066
392002403067
325007703068
132002003069
132400103070
372900403071
323400703072
932900003073
352400303074
321900603075
732400903076
332900203077
329400503078
532900803079
532010903080
312060203081
327010503082
332060803083
392010103084
325060403085
132010703086
372060003087
323010303088
932060603089
932008703090
352003003091
321008303092
732003603093
332008903094
329003203095
532008503096
312003803097
327008103098
332003403099
132008063100
372003093101
323008023102
932003053103
352008083104
321003013105
732008043106
332003073107
329008003108
532003033109
532500043110
312000073111
327500003112
332000033113
392500063114
325000093115
132500023116
372000053117
323500083118
932000013119
932020023120
352070053121
321020083122
732070013123
332020043124
329070073125
532020003126
312070033127
327020063128
332070093129
332009003130
392004033131
325009063132
132004093133
372009023134
323004053135
932009083136
352004013137
321009043138
732004073139
732600083140
332100013141
329600043142
532100073143
312600003144
327100033145
332600063146
392100093147
325600023148
132100053149
132030063150
372080093151
323030023152
932080053153
352030083154
321080013155
732030043156
332080073157
329030003158
532080033159
532000043160
312005073161
327000003162
332005033163
392000063164
325005093165
132000023166
372005053167
323000083168
932005013169
932700023170
352200053171
321700083172
732200013173
332700043174
329200073175
532700003176
312200033177
327700063178
332200093179
332040003180
392090033181
325040063182
132090093183
372040023184
323090053185
932040083186
352090013187
321040043188
732090073189
732001083190
332006013191
329001043192
532006073193
312001003194
327006033195
332001063196
392006093197
325001023198
132006053199
932001037200
352006030201
321001033202
732006036203
332001039204
329006032205
532001035206
312006038207
327001031208
332006034209
332800035210
392300038211
325800031212
132300034213
372800037214
323300030215
932800033216
352300036217
321800039218
732300032219
732050033220
332000036221
329050039222
532000032223
312050035224
327000038225
332050031226
392000034227
325050037228
132000030229
132002031230
372007034231
323002037232
932007030233
352002033234
321007036235
732002039236
332007032237
329002035238
532007038239
532900039240
312400032241
327900035242
332400038243
392900031244
325400034245
132900037246
372400030247
323900033248
932400036249
932060037250
352010030251
321060033252
732010036253
332060039254
329010032255
532060035256
312010038257
327060031258
332010034259
332003035260
392008038261
325003031262
132008034263
372003037264
323008030265
932003033266
352008036267
321003039268
732008032269
732000033270
332500036271
329000039272
532500032273
312000035274
327500038275
332000031276
392500034277
325000037278
132500030279
132070031280
372020034281
323070037282
932020030283
352070033284
321020036285
732070039286
332020032287
329070035288
532020038289
532004039290
312009032291
327004035292
332009038293
392004031294
325009034295
132004037296
372009030297
323004033298
932009036299
732004803300
332009103301
329004403302
532009703303
312004003304
327009303305
332004603306
392009903307
325004203308
132009503309
132100603310
372600903311
323100203312
932600503313
352100803314
321600103315
732100403316
332600703317
329100003318
532600303319
532080403320
312030703321
327080003322
332030303323
392080603324
325030903325
132080203326
372030503327
323080803328
932030103329
932005203330
352000503331
321005803332
732000103333
332005403334
329000703335
532005003336
312000303337
327005603338
332000903339
332200003340
392700303341
325200603342
132700903343
372200203344
323700503345
932200803346
352700103347
321200403348
732700703349
732090803350
332040103351
329090403352
532040703353
312090003354
327040303355
332090603356
392040903357
325090203358
132040503359
132006603360
372001903361
323006203362
932001503363
352006803364
321001103365
732006403366
332001703367
329006003368
532001303369
532300403370
312800703371
327300003372
332800303373
392300603374
325800903375
132300203376
372800503377
323300803378
932800103379
932000203380
352050503381
321000803382
732050103383
332000403384
329050703385
532000003386
312050303387
327000603388
332050903389
332007003390
392002303391
325007603392
132002903393
372007203394
323002503395
932007803396
352002103397
321007403398
732002703399
532007093400
312002023401
327007053402
332002083403
392007013404
325002043405
132007073406
372002003407
323007033408
932002063409
932400073410
352900003411
321400033412
732900063413
332400093414
329900023415
532400053416
312900083417
327400013418
332900043419
332010053420
392060083421
325010013422
132060043423
372010073424
323060003425
932010033426
352060063427
321010093428
732060023429
732008033430
332003063431
329008093432
532003023433
312008053434
327003083435
332008013436
392003043437
325008073438
132003003439
132500013440
372000043441
323500073442
932000003443
352500033444
321000063445
732500093446
332000023447
329500053448
532000083449
532020093450
312070023451
327020053452
332070083453
392020013454
325070043455
132020073456
372070003457
323020033458
932070063459
932009073460
352004003461
321009033462
732004063463
332009093464
329004023465
532009053466
312004083467
327009013468
332004043469
332600053470
392100083471
325600013472
132100043473
372600073474
323100003475
932600033476
352100063477
321600093478
732100023479
732030033480
332080063481
329030093482
532080023483
312030053484
327080083485
332030013486
392080043487
325030073488
132080003489
132000013490
372005043491
323000073492
932005003493
352000033494
321005063495
732000093496
332005023497
329000053498
532005083499
332000030500
392005033501
325000036502
132005039503
372000032504
323005035505
932000038506
352005031507
321000034508
732005037509
732700038510
332200031511
329700034512
532200037513
312700030514
327200033515
332700036516
392200039517
325700032518
132200035519
132040036520
372090039521
323040032522
932090035523
352040038524
321090031525
732040034526
332090037527
329040030528
532090033529
532001034530
312006037531
327001030532
332006033533
392001036534
325006039535
132001032536
372006035537
323001038538
932006031539
932800032540
352300035541
321800038542
732300031543
332800034544
329300037545
532800030546
312300033547
327800036548
332300039549
332050030550
392000033551
325050036552
132000039553
372050032554
323000035555
932050038556
352000031557
321050034558
732000037559
732002038560
332007031561
329002034562
532007037563
312002030564
327007033565
332002036566
392007039567
325002032568
132007035569
132900036570
372400039571
323900032572
932400035573
352900038574
321400031575
732900034576
332400037577
329900030578
532400033579
532060034580
312010037581
327060030582
332010033583
392060036584
325010039585
132060032586
372010035587
323060038588
932010031589
932003032590
352008035591
321003038592
732008031593
332003034594
329008037595
532003030596
312008033597
327003036598
332008039599
132003103600
372008403601
323003703602
932008003603
352003303604
321008603605
732003903606
332008203607
329003503608
532008803609
532000903610
312500203611
327000503612
332500803613
392000103614
325500403615
132000703616
372500003617
323000303618
932500603619
932070703620
352020003621
321070303622
732020603623
332070903624
329020203625
532070503626
312020803627
327070103628
332020403629
332004503630
392009803631
325004103632
132009403633
372004703634
323009003635
932004303636
352009603637
321004903638
732009203639
732100303640
332600603641
329100903642
532600203643
312100503644
327600803645
332100103646
392600403647
325100703648
132600003649
132080103650
372030403651
323080703652
932030003653
352080303654
321030603655
732080903656
332030203657
329080503658
532030803659
532005903660
312000203661
327005503662
332000803663
392005103664
325000403665
132005703666
372000003667
323005303668
932000603669
932200703670
352700003671
321200303672
732700603673
332200903674
329700203675
532200503676
312700803677
327200103678
332700403679
332090503680
392040803681
325090103682
132040403683
372090703684
323040003685
932090303686
352040603687
321090903688
732040203689
732006303690
332001603691
329006903692
532001203693
312006503694
327001803695
332006103696
392001403697
325006703698
132001003699
932006023700
352001053701
321006083702
732001013703
332006043704
329001073705
532006003706
312001033707
327006063708
332001093709
332300003710
392800033711
325300063712
132800093713
372300023714
323800053715
932300083716
352800013717
321300043718
732800073719
732000083720
332050013721
329000043722
532050073723
312000003724
327050033725
332000063726
392050093727
325000023728
132050053729
132007063730
372002093731
323007023732
932002053733
352007083734
321002013735
732007043736
332002073737
329007003738
532002033739
532400043740
312900073741
327400003742
332900033743
392400063744
325900093745
132400023746
372900053747
323400083748
932900013749
932010023750
352060053751
321010083752
732060013753
332010043754
329060073755
532010003756
312060033757
327010063758
332060093759
332008003760
392003033761
325008063762
132003093763
372008023764
323003053765
932008083766
352003013767
321008043768
732003073769
732500083770
332000013771
329500043772
532000073773
312500003774
327000033775
332500063776
392000093777
325500023778
132000053779
132020063780
372070093781
323020023782
932070053783
352020083784
321070013785
732020043786
332070073787
329020003788
532070033789
532009043790
312004073791
327009003792
332004033793
392009063794
325004093795
132009023796
372004053797
323009083798
932004013799
732009033800
332004036801
329009039802
532004032803
312009035804
327004038805
332009031806
392004034807
325009037808
132004030809
132600031810
372100034811
323600037812
932100030813
352600033814
321100036815
732600039816
332100032817
329600035818
532100038819
532030039820
312080032821
327030035822
332080038823
392030031824
325080034825
132030037826
372080030827
323030033828
932080036829
932000037830
352005030831
321000033832
732005036833
332000039834
329005032835
532000035836
312005038837
327000031838
332005034839
332700035840
392200038841
325700031842
132200034843
372700037844
323200030845
932700033846
352200036847
321700039848
732200032849
732040033850
332090036851
329040039852
532090032853
312040035854
327090038855
332040031856
392090034857
325040037858
132090030859
132001031860
372006034861
323001037862
932006030863
352001033864
321006036865
732001039866
332006032867
329001035868
532006038869
532800039870
312300032871
327800035872
332300038873
392800031874
325300034875
132800037876
372300030877
323800033878
932300036879
932050037880
352000030881
321050033882
732000036883
332050039884
329000032885
532050035886
312000038887
327050031888
332000034889
332002035890
392007038891
325002031892
132007034893
372002037894
323007030895
932002033896
352007036897
321002039898
732007032899
532002403900
312007703901
327002003902
332007303903
392002603904
325007903905
132002203906
372007503907
323002803908
932007103909
932900203910
352400503911
321900803912
732400103913
332900403914
329400703915
532900003916
312400303917
327900603918
332400903919
332060003920
392010303921
325060603922
132010903923
372060203924
323010503925
932060803926
352010103927
321060403928
732010703929
732003803930
332008103931
329003403932
532008703933
312003003934
327008303935
332003603936
392008903937
325003203938
132008503939
132000603940
372500903941
323000203942
932500503943
352000803944
321500103945
732000403946
332500703947
329000003948
532500303949
532070403950
312020703951
327070003952
332020303953
392070603954
325020903955
132070203956
372020503957
323070803958
932020103959
932004203960
352009503961
321004803962
732009103963
332004403964
329009703965
532004003966
312009303967
327004603968
332009903969
332100003970
392600303971
325100603972
132600903973
372100203974
323600503975
932100803976
352600103977
321100403978
732600703979
732080803980
332030103981
329080403982
532030703983
312080003984
327030303985
332080603986
392030903987
325080203988
132030503989
132005603990
372000903991
323005203992
932000503993
352005803994
321000103995
732005403996
332000703997
329005003998
532000303999
532004104000