392005808001
325000108002
132005408003
372000708004
323005008005
932000308006
352005608007
321000908008
732005208009
732700308010
332200608011
329700908012
532200208013
312700508014
327200808015
332700108016
392200408017
325700708018
132200008019
132040108020
372090408021
323040708022
932090008023
352040308024
321090608025
732040908026
332090208027
329040508028
532090808029
532001908030
312006208031
327001508032
332006808033
392001108034
325006408035
132001708036
372006008037
323001308038
932006608039
932800708040
352300008041
321800308042
732300608043
332800908044
329300208045
532800508046
312300808047
327800108048
332300408049
332050508050
392000808051
325050108052
132000408053
372050708054
323000008055
932050308056
352000608057
321050908058
732000208059
732002308060
332007608061
329002908062
532007208063
312002508064
327007808065
332002108066
392007408067
325002708068
132007008069
132900108070
372400408071
323900708072
932400008073
352900308074
321400608075
732900908076
332400208077
329900508078
532400808079
532060908080
312010208081
327060508082
332010808083
392060108084
325010408085
132060708086
372010008087
323060308088
932010608089
932003708090
352008008091
321003308092
732008608093
332003908094
329008208095
532003508096
312008808097
327003108098
332008408099
132003068100
372008098101
323003028102
932008058103
352003088104
321008018105
732003048106
332008078107
329003008108
532008038109
532000048110
312500078111
327000008112
332500038113
392000068114
325500098115
132000028116
372500058117
323000088118
932500018119
932070028120
352020058121
321070088122
732020018123
332070048124
329020078125
532070008126
312020038127
327070068128
332020098129
332004008130
392009038131
325004068132
132009098133
372004028134
323009058135
932004088136
352009018137
321004048138
732009078139
732100088140
332600018141
329100048142
532600078143
312100008144
327600038145
332100068146
392600098147
325100028148
132600058149
132080068150
372030098151
323080028152
932030058153
352080088154
321030018155
732080048156
332030078157
329080008158
532030038159
532005048160
312000078161
327005008162
332000038163
392005068164
325000098165
132005028166
372000058167
323005088168
932000018169
932200028170
352700058171
321200088172
732700018173
332200048174
329700078175
532200008176
312700038177
327200068178
332700098179
332090008180
392040038181
325090068182
132040098183
372090028184
323040058185
932090088186
352040018187
321090048188
732040078189
732006088190
332001018191
329006048192
532001078193
312006008194
327001038195
332006068196
392001098197
325006028198
132001058199
932006087200
352001080201
321006083202
732001086203
332006089204
329001082205
532006085206
312001088207
327006081208
332001084209
332300085210
392800088211
325300081212
132800084213
372300087214
323800080215
932300083216
352800086217
321300089218
732800082219
732000083220
332050086221
329000089222
532050082223
312000085224
327050088225
332000081226
392050084227
325000087228
132050080229
132007081230
372002084231
323007087232
932002080233
352007083234
321002086235
732007089236
332002082237
329007085238
532002088239
532400089240
312900082241
327400085242
332900088243
392400081244
325900084245
132400087246
372900080247
323400083248
932900086249
932010087250
352060080251
321010083252
732060086253
332010089254
329060082255
532010085256
312060088257
327010081258
332060084259
332008085260
392003088261
325008081262
132003084263
372008087264
323003080265
932008083266
352003086267
321008089268
732003082269
732500083270
332000086271
329500089272
532000082273
312500085274
327000088275
332500081276
392000084277
325500087278
132000080279
132020081280
372070084281
323020087282
932070080283
352020083284
321070086285
732020089286
332070082287
329020085288
532070088289
532009089290
312004082291
327009085292
332004088293
392009081294
325004084295
132009087296
372004080297
323009083298
932004086299
732009808300
332004108301
329009408302
532004708303
312009008304
327004308305
332009608306
392004908307
325009208308
132004508309
132600608310
372100908311
323600208312
932100508313
352600808314
321100108315
732600408316
332100708317
329600008318
532100308319
532030408320
312080708321
327030008322
332080308323
392030608324
325080908325
132030208326
372080508327
323030808328
932080108329
932000208330
352005508331
321000808332
732005108333
332000408334
329005708335
532000008336
312005308337
327000608338
332005908339
332700008340
392200308341
325700608342
132200908343
372700208344
323200508345
932700808346
352200108347
321700408348
732200708349
732040808350
332090108351
329040408352
532090708353
312040008354
327090308355
332040608356
392090908357
325040208358
132090508359
132001608360
372006908361
323001208362
932006508363
352001808364
321006108365
732001408366
332006708367
329001008368
532006308369
532800408370
312300708371
327800008372
332300308373
392800608374
325300908375
132800208376
372300508377
323800808378
932300108379
932050208380
352000508381
321050808382
732000108383
332050408384
329000708385
532050008386
312000308387
327050608388
332000908389
332002008390
392007308391
325002608392
132007908393
372002208394
323007508395
932002808396
352007108397
321002408398
732007708399
532002098400
312007028401
327002058402
332007088403
392002018404
325007048405
132002078406
372007008407
323002038408
932007068409
932900078410
352400008411
321900038412
732400068413
332900098414
329400028415
532900058416
312400088417
327900018418
332400048419
332060058420
392010088421
325060018422
132010048423
372060078424
323010008425
932060038426
352010068427
321060098428
732010028429
732003038430
332008068431
329003098432
532008028433
312003058434
327008088435
332003018436
392008048437
325003078438
132008008439
132000018440
372500048441
323000078442
932500008443
352000038444
321500068445
732000098446
332500028447
329000058448
532500088449
532070098450
312020028451
327070058452
332020088453
392070018454
325020048455
132070078456
372020008457
323070038458
932020068459
932004078460
352009008461
321004038462
732009068463
332004098464
329009028465
532004058466
312009088467
327004018468
332009048469
332100058470
392600088471
325100018472
132600048473
372100078474
323600008475
932100038476
352600068477
321100098478
732600028479
732080038480
332030068481
329080098482
532030028483
312080058484
327030088485
332080018486
392030048487
325080078488
132030008489
132005018490
372000048491
323005078492
932000008493
352005038494
321000068495
732005098496
332000028497
329005058498
532000088499
332005080500
392000083501
325005086502
132000089503
372005082504
323000085505
932005088506
352000081507
321005084508
732000087509
732200088510
332700081511
329200084512
532700087513
312200080514
327700083515
332200086516
392700089517
325200082518
132700085519
132090086520
372040089521
323090082522
932040085523
352090088524
321040081525
732090084526
332040087527
329090080528
532040083529
532006084530
312001087531
327006080532
332001083533
392006086534
325001089535
132006082536
372001085537
323006088538
932001081539
932300082540
352800085541
321300088542
732800081543
332300084544
329800087545
532300080546
312800083547
327300086548
332800089549
332000080550
392050083551
325000086552
132050089553
372000082554
323050085555
932000088556
352050081557
321000084558
732050087559
732007088560
332002081561
329007084562
532002087563
312007080564
327002083565
332007086566
392002089567
325007082568
132002085569
132400086570
372900089571
323400082572
932900085573
352400088574
321900081575
732400084576
332900087577
329400080578
532900083579
532010084580
312060087581
327010080582
332060083583
392010086584
325060089585
132010082586
372060085587
323010088588
932060081589
932008082590
352003085591
321008088592
732003081593
332008084594
329003087595
532008080596
312003083597
327008086598
332003089599
132008108600
372003408601
323008708602
932003008603
352008308604
321003608605
732008908606
332003208607
329008508608
532003808609
532500908610
312000208611
327500508612
332000808613
392500108614
325000408615
132500708616
372000008617
323500308618
932000608619
932020708620
352070008621
321020308622
732070608623
332020908624
329070208625
532020508626
312070808627
327020108628
332070408629
332009508630
392004808631
325009108632
132004408633
372009708634
323004008635
932009308636
352004608637
321009908638
732004208639
732600308640
332100608641
329600908642
532100208643
312600508644
327100808645
332600108646
392100408647
325600708648
132100008649
132030108650
372080408651
323030708652
932080008653
352030308654
321080608655
732030908656
332080208657
329030508658
532080808659
532000908660
312005208661
327000508662
332005808663
392000108664
325005408665
132000708666
372005008667
323000308668
932005608669
932700708670
352200008671
321700308672
732200608673
332700908674
329200208675
532700508676
312200808677
327700108678
332200408679
332040508680
392090808681
325040108682
132090408683
372040708684
323090008685
932040308686
352090608687
321040908688
732090208689
732001308690
332006608691
329001908692
532006208693
312001508694
327006808695
332001108696
392006408697
325001708698
132006008699
932001028700
352006058701
321001088702
732006018703
332001048704
329006078705
532001008706
312006038707
327001068708
332006098709
332800008710
392300038711
325800068712
132300098713
372800028714
323300058715
932800088716
352300018717
321800048718
732300078719
732050088720
332000018721
329050048722
532000078723
312050008724
327000038725
332050068726
392000098727
325050028728
132000058729
132002068730
372007098731
323002028732
932007058733
352002088734
321007018735
732002048736
332007078737
329002008738
532007038739
532900048740
312400078741
327900008742
332400038743
392900068744
325400098745
132900028746
372400058747
323900088748
932400018749
932060028750
352010058751
321060088752
732010018753
332060048754
329010078755
532060008756
312010038757
327060068758
332010098759
332003008760
392008038761
325003068762
132008098763
372003028764
323008058765
932003088766
352008018767
321003048768
732008078769
732000088770
332500018771
329000048772
532500078773
312000008774
327500038775
332000068776
392500098777
325000028778
132500058779
132070068780
372020098781
323070028782
932020058783
352070088784
321020018785
732070048786
332020078787
329070008788
532020038789
532004048790
312009078791
327004008792
332009038793
392004068794
325009098795
132004028796
372009058797
323004088798
932009018799
732004083800
332009086801
329004089802
532009082803
312004085804
327009088805
332004081806
392009084807
325004087808
132009080809
132100081810
372600084811
323100087812
932600080813
352100083814
321600086815
732100089816
332600082817
329100085818
532600088819
532080089820
312030082821
327080085822
332030088823
392080081824
325030084825
132080087826
372030080827
323080083828
932030086829
932005087830
352000080831
321005083832
732000086833
332005089834
329000082835
532005085836
312000088837
327005081838
332000084839
332200085840
392700088841
325200081842
132700084843
372200087844
323700080845
932200083846
352700086847
321200089848
732700082849
732090083850
332040086851
329090089852
532040082853
312090085854
327040088855
332090081856
392040084857
325090087858
132040080859
132006081860
372001084861
323006087862
932001080863
352006083864
321001086865
732006089866
332001082867
329006085868
532001088869
532300089870
312800082871
327300085872
332800088873
392300081874
325800084875
132300087876
372800080877
323300083878
932800086879
932000087880
352050080881
321000083882
732050086883
332000089884
329050082885
532000085886
312050088887
327000081888
332050084889
332007085890
392002088891
325007081892
132002084893
372007087894
323002080895
932007083896
352002086897
321007089898
732002082899
532007408900
312002708901
327007008902
332002308903
392007608904
325002908905
132007208906
372002508907
323007808908
932002108909
932400208910
352900508911
321400808912
732900108913
332400408914
329900708915
532400008916
312900308917
327400608918
332900908919
332010008920
392060308921
325010608922
132060908923
372010208924
323060508925
932010808926
352060108927
321010408928
732060708929
732008808930
332003108931
329008408932
532003708933
312008008934
327003308935
332008608936
392003908937
325008208938
132003508939
132500608940
372000908941
323500208942
932000508943
352500808944
321000108945
732500408946
332000708947
329500008948
532000308949
532020408950
312070708951
327020008952
332070308953
392020608954
325070908955
132020208956
372070508957
323020808958
932070108959
932009208960
352004508961
321009808962
732004108963
332009408964
329004708965
532009008966
312004308967
327009608968
332004908969
332600008970
392100308971
325600608972
132100908973
372600208974
323100508975
932600808976
352100108977
321600408978
732100708979
732030808980
332080108981
329030408982
532080708983
312030008984
327080308985
332030608986
392080908987
325030208988
132080508989
132000608990
372005908991
323000208992
932005508993
352000808994
321005108995
732000408996
332005708997
329000008998
532005308999
532009109000