352007606001
321002906002
732007206003
332002506004
329007806005
532002106006
312007406007
327002706008
332007006009
332900106010
392400406011
325900706012
132400006013
372900306014
323400606015
932900906016
352400206017
321900506018
732400806019
732060906020
332010206021
329060506022
532010806023
312060106024
327010406025
332060706026
392010006027
325060306028
132010606029
132003706030
372008006031
323003306032
932008606033
352003906034
321008206035
732003506036
332008806037
329003106038
532008406039
532000506040
312500806041
327000106042
332500406043
392000706044
325500006045
132000306046
372500606047
323000906048
932500206049
932070306050
352020606051
321070906052
732020206053
332070506054
329020806055
532070106056
312020406057
327070706058
332020006059
332004106060
392009406061
325004706062
132009006063
372004306064
323009606065
932004906066
352009206067
321004506068
732009806069
732100906070
332600206071
329100506072
532600806073
312100106074
327600406075
332100706076
392600006077
325100306078
132600606079
132080706080
372030006081
323080306082
932030606083
352080906084
321030206085
732080506086
332030806087
329080106088
532030406089
532005506090
312000806091
327005106092
332000406093
392005706094
325000006095
132005306096
372000606097
323005906098
932000206099
732005046100
332000076101
329005006102
532000036103
312005066104
327000096105
332005026106
392000056107
325005086108
132000016109
132200026110
372700056111
323200086112
932700016113
352200046114
321700076115
732200006116
332700036117
329200066118
532700096119
532090006120
312040036121
327090066122
332040096123
392090026124
325040056125
132090086126
372040016127
323090046128
932040076129
932006086130
352001016131
321006046132
732001076133
332006006134
329001036135
532006066136
312001096137
327006026138
332001056139
332300066140
392800096141
325300026142
132800056143
372300086144
323800016145
932300046146
352800076147
321300006148
732800036149
732000046150
332050076151
329000006152
532050036153
312000066154
327050096155
332000026156
392050056157
325000086158
132050016159
132007026160
372002056161
323007086162
932002016163
352007046164
321002076165
732007006166
332002036167
329007066168
532002096169
532400006170
312900036171
327400066172
332900096173
392400026174
325900056175
132400086176
372900016177
323400046178
932900076179
932010086180
352060016181
321010046182
732060076183
332010006184
329060036185
532010066186
312060096187
327010026188
332060056189
332008066190
392003096191
325008026192
132003056193
372008086194
323003016195
932008046196
352003076197
321008006198
732003036199
532008065200
312003068201
327008061202
332003064203
392008067204
325003060205
132008063206
372003066207
323008069208
932003062209
932500063210
352000066211
321500069212
732000062213
332500065214
329000068215
532500061216
312000064217
327500067218
332000060219
332020061220
392070064221
325020067222
132070060223
372020063224
323070066225
932020069226
352070062227
321020065228
732070068229
732009069230
332004062231
329009065232
532004068233
312009061234
327004064235
332009067236
392004060237
325009063238
132004066239
132600067240
372100060241
323600063242
932100066243
352600069244
321100062245
732600065246
332100068247
329600061248
532100064249
532030065250
312080068251
327030061252
332080064253
392030067254
325080060255
132030063256
372080066257
323030069258
932080062259
932000063260
352005066261
321000069262
732005062263
332000065264
329005068265
532000061266
312005064267
327000067268
332005060269
332700061270
392200064271
325700067272
132200060273
372700063274
323200066275
932700069276
352200062277
321700065278
732200068279
732040069280
332090062281
329040065282
532090068283
312040061284
327090064285
332040067286
392090060287
325040063288
132090066289
132001067290
372006060291
323001063292
932006066293
352001069294
321006062295
732001065296
332006068297
329001061298
532006064299
332001606300
392006906301
325001206302
132006506303
372001806304
323006106305
932001406306
352006706307
321001006308
732006306309
732800406310
332300706311
329800006312
532300306313
312800606314
327300906315
332800206316
392300506317
325800806318
132300106319
132050206320
372000506321
323050806322
932000106323
352050406324
321000706325
732050006326
332000306327
329050606328
532000906329
532002006330
312007306331
327002606332
332007906333
392002206334
325007506335
132002806336
372007106337
323002406338
932007706339
932900806340
352400106341
321900406342
732400706343
332900006344
329400306345
532900606346
312400906347
327900206348
332400506349
332060606350
392010906351
325060206352
132010506353
372060806354
323010106355
932060406356
352010706357
321060006358
732010306359
732003406360
332008706361
329003006362
532008306363
312003606364
327008906365
332003206366
392008506367
325003806368
132008106369
132000206370
372500506371
323000806372
932500106373
352000406374
321500706375
732000006376
332500306377
329000606378
532500906379
532070006380
312020306381
327070606382
332020906383
392070206384
325020506385
132070806386
372020106387
323070406388
932020706389
932004806390
352009106391
321004406392
732009706393
332004006394
329009306395
532004606396
312009906397
327004206398
332009506399
132004076400
372009006401
323004036402
932009066403
352004096404
321009026405
732004056406
332009086407
329004016408
532009046409
532100056410
312600086411
327100016412
332600046413
392100076414
325600006415
132100036416
372600066417
323100096418
932600026419
932080036420
352030066421
321080096422
732030026423
332080056424
329030086425
532080016426
312030046427
327080076428
332030006429
332005016430
392000046431
325005076432
132000006433
372005036434
323000066435
932005096436
352000026437
321005056438
732000086439
732200096440
332700026441
329200056442
532700086443
312200016444
327700046445
332200076446
392700006447
325200036448
132700066449
132090076450
372040006451
323090036452
932040066453
352090096454
321040026455
732090056456
332040086457
329090016458
532040046459
532006056460
312001086461
327006016462
332001046463
392006076464
325001006465
132006036466
372001066467
323006096468
932001026469
932300036470
352800066471
321300096472
732800026473
332300056474
329800086475
532300016476
312800046477
327300076478
332800006479
332000016480
392050046481
325000076482
132050006483
372000036484
323050066485
932000096486
352050026487
321000056488
732050086489
732007096490
332002026491
329007056492
532002086493
312007016494
327002046495
332007076496
392002006497
325007036498
132002066499
932007068500
352002061501
321007064502
732002067503
332007060504
329002063505
532007066506
312002069507
327007062508
332002065509
332400066510
392900069511
325400062512
132900065513
372400068514
323900061515
932400064516
352900067517
321400060518
732900063519
732010064520
332060067521
329010060522
532060063523
312010066524
327060069525
332010062526
392060065527
325010068528
132060061529
132008062530
372003065531
323008068532
932003061533
352008064534
321003067535
732008060536
332003063537
329008066538
532003069539
532500060540
312000063541
327500066542
332000069543
392500062544
325000065545
132500068546
372000061547
323500064548
932000067549
932020068550
352070061551
321020064552
732070067553
332020060554
329070063555
532020066556
312070069557
327020062558
332070065559
332009066560
392004069561
325009062562
132004065563
372009068564
323004061565
932009064566
352004067567
321009060568
732004063569
732600064570
332100067571
329600060572
532100063573
312600066574
327100069575
332600062576
392100065577
325600068578
132100061579
132030062580
372080065581
323030068582
932080061583
352030064584
321080067585
732030060586
332080063587
329030066588
532080069589
532000060590
312005063591
327000066592
332005069593
392000062594
325005065595
132000068596
372005061597
323000064598
932005067599
732000906600
332005206601
329000506602
532005806603
312000106604
327005406605
332000706606
392005006607
325000306608
132005606609
132700706610
372200006611
323700306612
932200606613
352700906614
321200206615
732700506616
332200806617
329700106618
532200406619
532040506620
312090806621
327040106622
332090406623
392040706624
325090006625
132040306626
372090606627
323040906628
932090206629
932001306630
352006606631
321001906632
732006206633
332001506634
329006806635
532001106636
312006406637
327001706638
332006006639
332800106640
392300406641
325800706642
132300006643
372800306644
323300606645
932800906646
352300206647
321800506648
732300806649
732050906650
332000206651
329050506652
532000806653
312050106654
327000406655
332050706656
392000006657
325050306658
132000606659
132002706660
372007006661
323002306662
932007606663
352002906664
321007206665
732002506666
332007806667
329002106668
532007406669
532900506670
312400806671
327900106672
332400406673
392900706674
325400006675
132900306676
372400606677
323900906678
932400206679
932060306680
352010606681
321060906682
732010206683
332060506684
329010806685
532060106686
312010406687
327060706688
332010006689
332003106690
392008406691
325003706692
132008006693
372003306694
323008606695
932003906696
352008206697
321003506698
732008806699
532003006700
312008036701
327003066702
332008096703
392003026704
325008056705
132003086706
372008016707
323003046708
932008076709
932000086710
352500016711
321000046712
732500076713
332000006714
329500036715
532000066716
312500096717
327000026718
332500056719
332070066720
392020096721
325070026722
132020056723
372070086724
323020016725
932070046726
352020076727
321070006728
732020036729
732004046730
332009076731
329004006732
532009036733
312004066734
327009096735
332004026736
392009056737
325004086738
132009016739
132100026740
372600056741
323100086742
932600016743
352100046744
321600076745
732100006746
332600036747
329100066748
532600096749
532080006750
312030036751
327080066752
332030096753
392080026754
325030056755
132080086756
372030016757
323080046758
932030076759
932005086760
352000016761
321005046762
732000076763
332005006764
329000036765
532005066766
312000096767
327005026768
332000056769
332200066770
392700096771
325200026772
132700056773
372200086774
323700016775
932200046776
352700076777
321200006778
732700036779
732090046780
332040076781
329090006782
532040036783
312090066784
327040096785
332090026786
392040056787
325090086788
132040016789
132006026790
372001056791
323006086792
932001016793
352006046794
321001076795
732006006796
332001036797
329006066798
532001096799
332006061800
392001064801
325006067802
132001060803
372006063804
323001066805
932006069806
352001062807
321006065808
732001068809
732300069810
332800062811
329300065812
532800068813
312300061814
327800064815
332300067816
392800060817
325300063818
132800066819
132000067820
372050060821
323000063822
932050066823
352000069824
321050062825
732000065826
332050068827
329000061828
532050064829
532007065830
312002068831
327007061832
332002064833
392007067834
325002060835
132007063836
372002066837
323007069838
932002062839
932400063840
352900066841
321400069842
732900062843
332400065844
329900068845
532400061846
312900064847
327400067848
332900060849
332010061850
392060064851
325010067852
132060060853
372010063854
323060066855
932010069856
352060062857
321010065858
732060068859
732008069860
332003062861
329008065862
532003068863
312008061864
327003064865
332008067866
392003060867
325008063868
132003066869
132500067870
372000060871
323500063872
932000066873
352500069874
321000062875
732500065876
332000068877
329500061878
532000064879
532020065880
312070068881
327020061882
332070064883
392020067884
325070060885
132020063886
372070066887
323020069888
932070062889
932009063890
352004066891
321009069892
732004062893
332009065894
329004068895
532009061896
312004064897
327009067898
332004060899
132009206900
372004506901
323009806902
932004106903
352009406904
321004706905
732009006906
332004306907
329009606908
532004906909
532600006910
312100306911
327600606912
332100906913
392600206914
325100506915
132600806916
372100106917
323600406918
932100706919
932030806920
352080106921
321030406922
732080706923
332030006924
329080306925
532030606926
312080906927
327030206928
332080506929
332000606930
392005906931
325000206932
132005506933
372000806934
323005106935
932000406936
352005706937
321000006938
732005306939
732700406940
332200706941
329700006942
532200306943
312700606944
327200906945
332700206946
392200506947
325700806948
132200106949
132040206950
372090506951
323040806952
932090106953
352040406954
321090706955
732040006956
332090306957
329040606958
532090906959
532001006960
312006306961
327001606962
332006906963
392001206964
325006506965
132001806966
372006106967
323001406968
932006706969
932800806970
352300106971
321800406972
732300706973
332800006974
329300306975
532800606976
312300906977
327800206978
332300506979
332050606980
392000906981
325050206982
132000506983
372050806984
323000106985
932050406986
352000706987
321050006988
732000306989
732002406990
332007706991
329002006992
532007306993
312002606994
327007906995
332002206996
392007506997
325002806998
132007106999
132001907000