301870265001
316820268002
231870261003
381820264004
314870267005
031820260006
361870263007
312820266008
831870269009
831809260010
341804263011
310809266012
631804269013
321809262014
318804265015
431809268016
301804261017
316809264018
231804267019
231680268020
381180261021
314680264022
031180267023
361680260024
312180263025
831680266026
341180269027
310680262028
631180265029
631830266030
321880269031
318830262032
431880265033
301830268034
316880261035
231830264036
381880267037
314830260038
031880263039
031800264040
361805267041
312800260042
831805263043
341800266044
310805269045
631800262046
321805265047
318800268048
431805261049
431780262050
301280265051
316780268052
231280261053
381780264054
314280267055
031780260056
361280263057
312780266058
831280269059
831840260060
341890263061
310840266062
631890269063
321840262064
318890265065
431840268066
301890261067
316840264068
231890267069
231801268070
381806261071
314801264072
031806267073
361801260074
312806263075
831801266076
341806269077
310801262078
631806265079
631880266080
321380269081
318880262082
431380265083
301880268084
316380261085
231880264086
381380267087
314880260088
031380263089
031850264090
361800267091
312850260092
831800263093
341850266094
310800269095
631850262096
321800265097
318850268098
431800261099
231850326100
381800626101
314850926102
031800226103
361850526104
312800826105
831850126106
341800426107
310850726108
631800026109
631802126110
321807426111
318802726112
431807026113
301802326114
316807626115
231802926116
381807226117
314802526118
031807826119
031980926120
361480226121
312980526122
831480826123
341980126124
310480426125
631980726126
321480026127
318980326128
431480626129
431860726130
301810026131
316860326132
231810626133
381860926134
314810226135
031860526136
361810826137
312860126138
831810426139
831803526140
341808826141
310803126142
631808426143
321803726144
318808026145
431803326146
301808626147
316803926148
231808226149
231080326150
381580626151
314080926152
031580226153
361080526154
312580826155
831080126156
341580426157
310080726158
631580026159
631870126160
321820426161
318870726162
431820026163
301870326164
316820626165
231870926166
381820226167
314870526168
031820826169
031804926170
361809226171
312804526172
831809826173
341804126174
310809426175
631804726176
321809026177
318804326178
431809626179
431180726180
301680026181
316180326182
231680626183
381180926184
314680226185
031180526186
361680826187
312180126188
831680426189
831880526190
341830826191
310880126192
631830426193
321880726194
318830026195
431880326196
301830626197
316880926198
231830226199
031880246200
361830276201
312880206202
831830236203
341880266204
310830296205
631880226206
321830256207
318880286208
431830216209
431805226210
301800256211
316805286212
231800216213
381805246214
314800276215
031805206216
361800236217
312805266218
831800296219
831280206220
341780236221
310280266222
631780296223
321280226224
318780256225
431280286226
301780216227
316280246228
231780276229
231890286230
381840216231
314890246232
031840276233
361890206234
312840236235
831890266236
341840296237
310890226238
631840256239
631806266240
321801296241
318806226242
431801256243
301806286244
316801216245
231806246246
381801276247
314806206248
031801236249
031380246250
361880276251
312380206252
831880236253
341380266254
310880296255
631380226256
321880256257
318380286258
431880216259
431800226260
301850256261
316800286262
231850216263
381800246264
314850276265
031800206266
361850236267
312800266268
831850296269
831807206270
341802236271
310807266272
631802296273
321807226274
318802256275
431807286276
301802216277
316807246278
231802276279
231480286280
381980216281
314480246282
031980276283
361480206284
312980236285
831480266286
341980296287
310480226288
631980256289
631810266290
321860296291
318810226292
431860256293
301810286294
316860216295
231810246296
381860276297
314810206298
031860236299
831810265300
341860268301
310810261302
631860264303
321810267304
318860260305
431810263306
301860266307
316810269308
231860262309
231808263310
381803266311
314808269312
031803262313
361808265314
312803268315
831808261316
341803264317
310808267318
631803260319
631580261320
321080264321
318580267322
431080260323
301580263324
316080266325
231580269326
381080262327
314580265328
031080268329
031820269330
361870262331
312820265332
831870268333
341820261334
310870264335
631820267336
321870260337
318820263338
431870266339
431809267340
301804260341
316809263342
231804266343
381809269344
314804262345
031809265346
361804268347
312809261348
831804264349
831680265350
341180268351
310680261352
631180264353
321680267354
318180260355
431680263356
301180266357
316680269358
231180262359
231830263360
381880266361
314830269362
031880262363
361830265364
312880268365
831830261366
341880264367
310830267368
631880260369
631800261370
321805264371
318800267372
431805260373
301800263374
316805266375
231800269376
381805262377
314800265378
031805268379
031780269380
361280262381
312780265382
831280268383
341780261384
310280264385
631780267386
321280260387
318780263388
431280266389
431840267390
301890260391
316840263392
231890266393
381840269394
314890262395
031840265396
361890268397
312840261398
831890264399
631840626400
321890926401
318840226402
431890526403
301840826404
316890126405
231840426406
381890726407
314840026408
031890326409
031801426410
361806726411
312801026412
831806326413
341801626414
310806926415
631801226416
321806526417
318801826418
431806126419
431880226420
301380526421
316880826422
231380126423
381880426424
314380726425
031880026426
361380326427
312880626428
831380926429
831850026430
341800326431
310850626432
631800926433
321850226434
318800526435
431850826436
301800126437
316850426438
231800726439
231802826440
381807126441
314802426442
031807726443
361802026444
312807326445
831802626446
341807926447
310802226448
631807526449
631980626450
321480926451
318980226452
431480526453
301980826454
316480126455
231980426456
381480726457
314980026458
031480326459
031860426460
361810726461
312860026462
831810326463
341860626464
310810926465
631860226466
321810526467
318860826468
431810126469
431803226470
301808526471
316803826472
231808126473
381803426474
314808726475
031803026476
361808326477
312803626478
831808926479
831080026480
341580326481
310080626482
631580926483
321080226484
318580526485
431080826486
301580126487
316080426488
231580726489
231870826490
381820126491
314870426492
031820726493
361870026494
312820326495
831870626496
341820926497
310870226498
631820526499
431870276500
301820206501
316870236502
231820266503
381870296504
314820226505
031870256506
361820286507
312870216508
831820246509
831804256510
341809286511
310804216512
631809246513
321804276514
318809206515
431804236516
301809266517
316804296518
231809226519
231180236520
381680266521
314180296522
031680226523
361180256524
312680286525
831180216526
341680246527
310180276528
631680206529
631880216530
321830246531
318880276532
431830206533
301880236534
316830266535
231880296536
381830226537
314880256538
031830286539
031805296540
361800226541
312805256542
831800286543
341805216544
310800246545
631805276546
321800206547
318805236548
431800266549
431280276550
301780206551
316280236552
231780266553
381280296554
314780226555
031280256556
361780286557
312280216558
831780246559
831890256560
341840286561
310890216562
631840246563
321890276564
318840206565
431890236566
301840266567
316890296568
231840226569
231806236570
381801266571
314806296572
031801226573
361806256574
312801286575
831806216576
341801246577
310806276578
631801206579
631380216580
321880246581
318380276582
431880206583
301380236584
316880266585
231380296586
381880226587
314380256588
031880286589
031800296590
361850226591
312800256592
831850286593
341800216594
310850246595
631800276596
321850206597
318800236598
431850266599
231800268600
381850261601
314800264602
031850267603
361800260604
312850263605
831800266606
341850269607
310800262608
631850265609
631807266610
321802269611
318807262612
431802265613
301807268614
316802261615
231807264616
381802267617
314807260618
031802263619
031480264620
361980267621
312480260622
831980263623
341480266624
310980269625
631480262626
321980265627
318480268628
431980261629
431810262630
301860265631
316810268632
231860261633
381810264634
314860267635
031810260636
361860263637
312810266638
831860269639
831808260640
341803263641
310808266642
631803269643
321808262644
318803265645
431808268646
301803261647
316808264648
231803267649
231580268650
381080261651
314580264652
031080267653
361580260654
312080263655
831580266656
341080269657
310580262658
631080265659
631820266660
321870269661
318820262662
431870265663
301820268664
316870261665
231820264666
381870267667
314820260668
031870263669
031809264670
361804267671
312809260672
831804263673
341809266674
310804269675
631809262676
321804265677
318809268678
431804261679
431680262680
301180265681
316680268682
231180261683
381680264684
314180267685
031680260686
361180263687
312680266688
831180269689
831830260690
341880263691
310830266692
631880269693
321830262694
318880265695
431830268696
301880261697
316830264698
231880267699
031830926700
361880226701
312830526702
831880826703
341830126704
310880426705
631830726706
321880026707
318830326708
431880626709
431800726710
301805026711
316800326712
231805626713
381800926714
314805226715
031800526716
361805826717
312800126718
831805426719
831780526720
341280826721
310780126722
631280426723
321780726724
318280026725
431780326726
301280626727
316780926728
231280226729
231840326730
381890626731
314840926732
031890226733
361840526734
312890826735
831840126736
341890426737
310840726738
631890026739
631801126740
321806426741
318801726742
431806026743
301801326744
316806626745
231801926746
381806226747
314801526748
031806826749
031880926750
361380226751
312880526752
831380826753
341880126754
310380426755
631880726756
321380026757
318880326758
431380626759
431850726760
301800026761
316850326762
231800626763
381850926764
314800226765
031850526766
361800826767
312850126768
831800426769
831802526770
341807826771
310802126772
631807426773
321802726774
318807026775
431802326776
301807626777
316802926778
231807226779
231980326780
381480626781
314980926782
031480226783
361980526784
312480826785
831980126786
341480426787
310980726788
631480026789
631860126790
321810426791
318860726792
431810026793
301860326794
316810626795
231860926796
381810226797
314860526798
031810826799
831860206800
341810236801
310860266802
631810296803
321860226804
318810256805
431860286806
301810216807
316860246808
231810276809
231803286810
381808216811
314803246812
031808276813
361803206814
312808236815
831803266816
341808296817
310803226818
631808256819
631080266820
321580296821
318080226822
431580256823
301080286824
316580216825
231080246826
381580276827
314080206828
031580236829
031870246830
361820276831
312870206832
831820236833
341870266834
310820296835
631870226836
321820256837
318870286838
431820216839
431804226840
301809256841
316804286842
231809216843
381804246844
314809276845
031804206846
361809236847
312804266848
831809296849
831180206850
341680236851
310180266852
631680296853
321180226854
318680256855
431180286856
301680216857
316180246858
231680276859
231880286860
381830216861
314880246862
031830276863
361880206864
312830236865
831880266866
341830296867
310880226868
631830256869
631805266870
321800296871
318805226872
431800256873
301805286874
316800216875
231805246876
381800276877
314805206878
031800236879
031280246880
361780276881
312280206882
831780236883
341280266884
310780296885
631280226886
321780256887
318280286888
431780216889
431890226890
301840256891
316890286892
231840216893
381890246894
314840276895
031890206896
361840236897
312890266898
831840296899
631890261900
321840264901
318890267902
431840260903
301890263904
316840266905
231890269906
381840262907
314890265908
031840268909
031806269910
361801262911
312806265912
831801268913
341806261914
310801264915
631806267916
321801260917
318806263918
431801266919
431380267920
301880260921
316380263922
231880266923
381380269924
314880262925
031380265926
361880268927
312380261928
831880264929
831800265930
341850268931
310800261932
631850264933
321800267934
318850260935
431800263936
301850266937
316800269938
231850262939
231807263940
381802266941
314807269942
031802262943
361807265944
312802268945
831807261946
341802264947
310807267948
631802260949
631480261950
321980264951
318480267952
431980260953
301480263954
316980266955
231480269956
381980262957
314480265958
031980268959
031810269960
361860262961
312810265962
831860268963
341810261964
310860264965
631810267966
321860260967
318810263968
431860266969
431808267970
301803260971
316808263972
231803266973
381808269974
314803262975
031808265976
361803268977
312808261978
831803264979
831580265980
341080268981
310580261982
631080264983
321580267984
318080260985
431580263986
301080266987
316580269988
231080262989
231820263990
381870266991
314820269992
031870262993
361820265994
312870268995
831820261996
341870264997
310820267998
631870260999
631810278000