382003055001
324008355002
032003655003
362008955004
322003255005
832008555006
342003855007
320008155008
632003455009
632500555010
322000855011
328500155012
432000455013
302500755014
326000055015
232500355016
382000655017
324500955018
032000255019
032020355020
362070655021
322020955022
832070255023
342020555024
320070855025
632020155026
322070455027
328020755028
432070055029
432009155030
302004455031
326009755032
232004055033
382009355034
324004655035
032009955036
362004255037
322009555038
832004855039
832600955040
342100255041
320600555042
632100855043
322600155044
328100455045
432600755046
302100055047
326600355048
232100655049
232030755050
382080055051
324030355052
032080655053
362030955054
322080255055
832030555056
342080855057
320030155058
632080455059
632000555060
322005855061
328000155062
432005455063
302000755064
326005055065
232000355066
382005655067
324000955068
032005255069
032700355070
362200655071
322700955072
832200255073
342700555074
320200855075
632700155076
322200455077
328700755078
432200055079
432040155080
302090455081
326040755082
232090055083
382040355084
324090655085
032040955086
362090255087
322040555088
832090855089
832001955090
342006255091
320001555092
632006855093
322001155094
328006455095
432001755096
302006055097
326001355098
232006655099
032001585100
362006515101
322001545102
832006575103
342001505104
320006535105
632001565106
322006595107
328001525108
432006555109
432800565110
302300595111
326800525112
232300555113
382800585114
324300515115
032800545116
362300575117
322800505118
832300535119
832050545120
342000575121
320050505122
632000535123
322050565124
328000595125
432050525126
302000555127
326050585128
232000515129
232002525130
382007555131
324002585132
032007515133
362002545134
322007575135
832002505136
342007535137
320002565138
632007595139
632900505140
322400535141
328900565142
432400595143
302900525144
326400555145
232900585146
382400515147
324900545148
032400575149
032060585150
362010515151
322060545152
832010575153
342060505154
320010535155
632060565156
322010595157
328060525158
432010555159
432003565160
302008595161
326003525162
232008555163
382003585164
324008515165
032003545166
362008575167
322003505168
832008535169
832000545170
342500575171
320000505172
632500535173
322000565174
328500595175
432000525176
302500555177
326000585178
232500515179
232070525180
382020555181
324070585182
032020515183
362070545184
322020575185
832070505186
342020535187
320070565188
632020595189
632004505190
322009535191
328004565192
432009595193
302004525194
326009555195
232004585196
382009515197
324004545198
032009575199
832004559200
342009552201
320004555202
632009558203
322004551204
328009554205
432004557206
302009550207
326004553208
232009556209
232100557210
382600550211
324100553212
032600556213
362100559214
322600552215
832100555216
342600558217
320100551218
632600554219
632080555220
322030558221
328080551222
432030554223
302080557224
326030550225
232080553226
382030556227
324080559228
032030552229
032005553230
362000556231
322005559232
832000552233
342005555234
320000558235
632005551236
322000554237
328005557238
432000550239
432200551240
302700554241
326200557242
232700550243
382200553244
324700556245
032200559246
362700552247
322200555248
832700558249
832090559250
342040552251
320090555252
632040558253
322090551254
328040554255
432090557256
302040550257
326090553258
232040556259
232006557260
382001550261
324006553262
032001556263
362006559264
322001552265
832006555266
342001558267
320006551268
632001554269
632300555270
322800558271
328300551272
432800554273
302300557274
326800550275
232300553276
382800556277
324300559278
032800552279
032000553280
362050556281
322000559282
832050552283
342000555284
320050558285
632000551286
322050554287
328000557288
432050550289
432007551290
302002554291
326007557292
232002550293
382007553294
324002556295
032007559296
362002552297
322007555298
832002558299
632007055300
322002355301
328007655302
432002955303
302007255304
326002555305
232007855306
382002155307
324007455308
032002755309
032400855310
362900155311
322400455312
832900755313
342400055314
320900355315
632400655316
322900955317
328400255318
432900555319
432010655320
302060955321
326010255322
232060555323
382010855324
324060155325
032010455326
362060755327
322010055328
832060355329
832008455330
342003755331
320008055332
632003355333
322008655334
328003955335
432008255336
302003555337
326008855338
232003155339
232500255340
382000555341
324500855342
032000155343
362500455344
322000755345
832500055346
342000355347
320500655348
632000955349
632020055350
322070355351
328020655352
432070955353
302020255354
326070555355
232020855356
382070155357
324020455358
032070755359
032009855360
362004155361
322009455362
832004755363
342009055364
320004355365
632009655366
322004955367
328009255368
432004555369
432600655370
302100955371
326600255372
232100555373
382600855374
324100155375
032600455376
362100755377
322600055378
832100355379
832030455380
342080755381
320030055382
632080355383
322030655384
328080955385
432030255386
302080555387
326030855388
232080155389
232000255390
382005555391
324000855392
032005155393
362000455394
322005755395
832000055396
342005355397
320000655398
632005955399
432000515400
302005545401
326000575402
232005505403
382000535404
324005565405
032000595406
362005525407
322000555408
832005585409
832700595410
342200525411
320700555412
632200585413
322700515414
328200545415
432700575416
302200505417
326700535418
232200565419
232040575420
382090505421
324040535422
032090565423
362040595424
322090525425
832040555426
342090585427
320040515428
632090545429
632001555430
322006585431
328001515432
432006545433
302001575434
326006505435
232001535436
382006565437
324001595438
032006525439
032800535440
362300565441
322800595442
832300525443
342800555444
320300585445
632800515446
322300545447
328800575448
432300505449
432050515450
302000545451
326050575452
232000505453
382050535454
324000565455
032050595456
362000525457
322050555458
832000585459
832002595460
342007525461
320002555462
632007585463
322002515464
328007545465
432002575466
302007505467
326002535468
232007565469
232900575470
382400505471
324900535472
032400565473
362900595474
322400525475
832900555476
342400585477
320900515478
632400545479
632060555480
322010585481
328060515482
432010545483
302060575484
326010505485
232060535486
382010565487
324060595488
032010525489
032003535490
362008565491
322003595492
832008525493
342003555494
320008585495
632003515496
322008545497
328003575498
432008505499
232003552500
382008555501
324003558502
032008551503
362003554504
322008557505
832003550506
342008553507
320003556508
632008559509
632000550510
322500553511
328000556512
432500559513
302000552514
326500555515
232000558516
382500551517
324000554518
032500557519
032070558520
362020551521
322070554522
832020557523
342070550524
320020553525
632070556526
322020559527
328070552528
432020555529
432004556530
302009559531
326004552532
232009555533
382004558534
324009551535
032004554536
362009557537
322004550538
832009553539
832100554540
342600557541
320100550542
632600553543
322100556544
328600559545
432100552546
302600555547
326100558548
232600551549
232080552550
382030555551
324080558552
032030551553
362080554554
322030557555
832080550556
342030553557
320080556558
632030559559
632005550560
322000553561
328005556562
432000559563
302005552564
326000555565
232005558566
382000551567
324005554568
032000557569
032200558570
362700551571
322200554572
832700557573
342200550574
320700553575
632200556576
322700559577
328200552578
432700555579
432090556580
302040559581
326090552582
232040555583
382090558584
324040551585
032090554586
362040557587
322090550588
832040553589
832006554590
342001557591
320006550592
632001553593
322006556594
328001559595
432006552596
302001555597
326006558598
232001551599
032006355600
362001655601
322006955602
832001255603
342006555604
320001855605
632006155606
322001455607
328006755608
432001055609
432300155610
302800455611
326300755612
232800055613
382300355614
324800655615
032300955616
362800255617
322300555618
832800855619
832000955620
342050255621
320000555622
632050855623
322000155624
328050455625
432000755626
302050055627
326000355628
232050655629
232007755630
382002055631
324007355632
032002655633
362007955634
322002255635
832007555636
342002855637
320007155638
632002455639
632400555640
322900855641
328400155642
432900455643
302400755644
326900055645
232400355646
382900655647
324400955648
032900255649
032010355650
362060655651
322010955652
832060255653
342010555654
320060855655
632010155656
322060455657
328010755658
432060055659
432008155660
302003455661
326008755662
232003055663
382008355664
324003655665
032008955666
362003255667
322008555668
832003855669
832500955670
342000255671
320500555672
632000855673
322500155674
328000455675
432500755676
302000055677
326500355678
232000655679
232020755680
382070055681
324020355682
032070655683
362020955684
322070255685
832020555686
342070855687
320020155688
632070455689
632009555690
322004855691
328009155692
432004455693
302009755694
326004055695
232009355696
382004655697
324009955698
032004255699
832009545700
342004575701
320009505702
632004535703
322009565704
328004595705
432009525706
302004555707
326009585708
232004515709
232600525710
382100555711
324600585712
032100515713
362600545714
322100575715
832600505716
342100535717
320600565718
632100595719
632030505720
322080535721
328030565722
432080595723
302030525724
326080555725
232030585726
382080515727
324030545728
032080575729
032000585730
362005515731
322000545732
832005575733
342000505734
320005535735
632000565736
322005595737
328000525738
432005555739
432700565740
302200595741
326700525742
232200555743
382700585744
324200515745
032700545746
362200575747
322700505748
832200535749
832040545750
342090575751
320040505752
632090535753
322040565754
328090595755
432040525756
302090555757
326040585758
232090515759
232001525760
382006555761
324001585762
032006515763
362001545764
322006575765
832001505766
342006535767
320001565768
632006595769
632800505770
322300535771
328800565772
432300595773
302800525774
326300555775
232800585776
382300515777
324800545778
032300575779
032050585780
362000515781
322050545782
832000575783
342050505784
320000535785
632050565786
322000595787
328050525788
432000555789
432002565790
302007595791
326002525792
232007555793
382002585794
324007515795
032002545796
362007575797
322002505798
832007535799
632002555800
322007558801
328002551802
432007554803
302002557804
326007550805
232002553806
382007556807
324002559808
032007552809
032900553810
362400556811
322900559812
832400552813
342900555814
320400558815
632900551816
322400554817
328900557818
432400550819
432060551820
302010554821
326060557822
232010550823
382060553824
324010556825
032060559826
362010552827
322060555828
832010558829
832003559830
342008552831
320003555832
632008558833
322003551834
328008554835
432003557836
302008550837
326003553838
232008556839
232000557840
382500550841
324000553842
032500556843
362000559844
322500552845
832000555846
342500558847
320000551848
632500554849
632070555850
322020558851
328070551852
432020554853
302070557854
326020550855
232070553856
382020556857
324070559858
032020552859
032004553860
362009556861
322004559862
832009552863
342004555864
320009558865
632004551866
322009554867
328004557868
432009550869
432100551870
302600554871
326100557872
232600550873
382100553874
324600556875
032100559876
362600552877
322100555878
832600558879
832080559880
342030552881
320080555882
632030558883
322080551884
328030554885
432080557886
302030550887
326080553888
232030556889
232005557890
382000550891
324005553892
032000556893
362005559894
322000552895
832005555896
342000558897
320005551898
632000554899
432005655900
302000955901
326005255902
232000555903
382005855904
324000155905
032005455906
362000755907
322005055908
832000355909
832200455910
342700755911
320200055912
632700355913
322200655914
328700955915
432200255916
302700555917
326200855918
232700155919
232090255920
382040555921
324090855922
032040155923
362090455924
322040755925
832090055926
342040355927
320090655928
632040955929
632006055930
322001355931
328006655932
432001955933
302006255934
326001555935
232006855936
382001155937
324006455938
032001755939
032300855940
362800155941
322300455942
832800755943
342300055944
320800355945
632300655946
322800955947
328300255948
432800555949
432000655950
302050955951
326000255952
232050555953
382000855954
324050155955
032000455956
362050755957
322000055958
832050355959
832007455960
342002755961
320007055962
632002355963
322007655964
328002955965
432007255966
302002555967
326007855968
232002155969
232400255970
382900555971
324400855972
032900155973
362400455974
322900755975
832400055976
342900355977
320400655978
632900955979
632010055980
322060355981
328010655982
432060955983
302010255984
326060555985
232010855986
382060155987
324010455988
032060755989
032008855990
362003155991
322008455992
832003755993
342008055994
320003355995
632008655996
322003955997
328008255998
432003555999
432007356000