392004443001
325009743002
132004043003
372009343004
323004643005
932009943006
352004243007
321009543008
732004843009
732600943010
332100243011
329600543012
532100843013
312600143014
327100443015
332600743016
392100043017
325600343018
132100643019
132030743020
372080043021
323030343022
932080643023
352030943024
321080243025
732030543026
332080843027
329030143028
532080443029
532000543030
312005843031
327000143032
332005443033
392000743034
325005043035
132000343036
372005643037
323000943038
932005243039
932700343040
352200643041
321700943042
732200243043
332700543044
329200843045
532700143046
312200443047
327700743048
332200043049
332040143050
392090443051
325040743052
132090043053
372040343054
323090643055
932040943056
352090243057
321040543058
732090843059
732001943060
332006243061
329001543062
532006843063
312001143064
327006443065
332001743066
392006043067
325001343068
132006643069
132800743070
372300043071
323800343072
932300643073
352800943074
321300243075
732800543076
332300843077
329800143078
532300443079
532050543080
312000843081
327050143082
332000443083
392050743084
325000043085
132050343086
372000643087
323050943088
932000243089
932002343090
352007643091
321002943092
732007243093
332002543094
329007843095
532002143096
312007443097
327002743098
332007043099
132002423100
372007453101
323002483102
932007413103
352002443104
321007473105
732002403106
332007433107
329002463108
532007493109
532900403110
312400433111
327900463112
332400493113
392900423114
325400453115
132900483116
372400413117
323900443118
932400473119
932060483120
352010413121
321060443122
732010473123
332060403124
329010433125
532060463126
312010493127
327060423128
332010453129
332003463130
392008493131
325003423132
132008453133
372003483134
323008413135
932003443136
352008473137
321003403138
732008433139
732000443140
332500473141
329000403142
532500433143
312000463144
327500493145
332000423146
392500453147
325000483148
132500413149
132070423150
372020453151
323070483152
932020413153
352070443154
321020473155
732070403156
332020433157
329070463158
532020493159
532004403160
312009433161
327004463162
332009493163
392004423164
325009453165
132004483166
372009413167
323004443168
932009473169
932100483170
352600413171
321100443172
732600473173
332100403174
329600433175
532100463176
312600493177
327100423178
332600453179
332080463180
392030493181
325080423182
132030453183
372080483184
323030413185
932080443186
352030473187
321080403188
732030433189
732005443190
332000473191
329005403192
532000433193
312005463194
327000493195
332005423196
392000453197
325005483198
132000413199
932005433200
352000436201
321005439202
732000432203
332005435204
329000438205
532005431206
312000434207
327005437208
332000430209
332200431210
392700434211
325200437212
132700430213
372200433214
323700436215
932200439216
352700432217
321200435218
732700438219
732090439220
332040432221
329090435222
532040438223
312090431224
327040434225
332090437226
392040430227
325090433228
132040436229
132006437230
372001430231
323006433232
932001436233
352006439234
321001432235
732006435236
332001438237
329006431238
532001434239
532300435240
312800438241
327300431242
332800434243
392300437244
325800430245
132300433246
372800436247
323300439248
932800432249
932000433250
352050436251
321000439252
732050432253
332000435254
329050438255
532000431256
312050434257
327000437258
332050430259
332007431260
392002434261
325007437262
132002430263
372007433264
323002436265
932007439266
352002432267
321007435268
732002438269
732400439270
332900432271
329400435272
532900438273
312400431274
327900434275
332400437276
392900430277
325400433278
132900436279
132010437280
372060430281
323010433282
932060436283
352010439284
321060432285
732010435286
332060438287
329010431288
532060434289
532008435290
312003438291
327008431292
332003434293
392008437294
325003430295
132008433296
372003436297
323008439298
932003432299
732008443300
332003743301
329008043302
532003343303
312008643304
327003943305
332008243306
392003543307
325008843308
132003143309
132500243310
372000543311
323500843312
932000143313
352500443314
321000743315
732500043316
332000343317
329500643318
532000943319
532020043320
312070343321
327020643322
332070943323
392020243324
325070543325
132020843326
372070143327
323020443328
932070743329
932009843330
352004143331
321009443332
732004743333
332009043334
329004343335
532009643336
312004943337
327009243338
332004543339
332600643340
392100943341
325600243342
132100543343
372600843344
323100143345
932600443346
352100743347
321600043348
732100343349
732030443350
332080743351
329030043352
532080343353
312030643354
327080943355
332030243356
392080543357
325030843358
132080143359
132000243360
372005543361
323000843362
932005143363
352000443364
321005743365
732000043366
332005343367
329000643368
532005943369
532700043370
312200343371
327700643372
332200943373
392700243374
325200543375
132700843376
372200143377
323700443378
932200743379
932040843380
352090143381
321040443382
732090743383
332040043384
329090343385
532040643386
312090943387
327040243388
332090543389
332001643390
392006943391
325001243392
132006543393
372001843394
323006143395
932001443396
352006743397
321001043398
732006343399
532001453400
312006483401
327001413402
332006443403
392001473404
325006403405
132001433406
372006463407
323001493408
932006423409
932800433410
352300463411
321800493412
732300423413
332800453414
329300483415
532800413416
312300443417
327800473418
332300403419
332050413420
392000443421
325050473422
132000403423
372050433424
323000463425
932050493426
352000423427
321050453428
732000483429
732002493430
332007423431
329002453432
532007483433
312002413434
327007443435
332002473436
392007403437
325002433438
132007463439
132900473440
372400403441
323900433442
932400463443
352900493444
321400423445
732900453446
332400483447
329900413448
532400443449
532060453450
312010483451
327060413452
332010443453
392060473454
325010403455
132060433456
372010463457
323060493458
932010423459
932003433460
352008463461
321003493462
732008423463
332003453464
329008483465
532003413466
312008443467
327003473468
332008403469
332000413470
392500443471
325000473472
132500403473
372000433474
323500463475
932000493476
352500423477
321000453478
732500483479
732070493480
332020423481
329070453482
532020483483
312070413484
327020443485
332070473486
392020403487
325070433488
132020463489
132004473490
372009403491
323004433492
932009463493
352004493494
321009423495
732004453496
332009483497
329004413498
532009443499
332004436500
392009439501
325004432502
132009435503
372004438504
323009431505
932004434506
352009437507
321004430508
732009433509
732100434510
332600437511
329100430512
532600433513
312100436514
327600439515
332100432516
392600435517
325100438518
132600431519
132080432520
372030435521
323080438522
932030431523
352080434524
321030437525
732080430526
332030433527
329080436528
532030439529
532005430530
312000433531
327005436532
332000439533
392005432534
325000435535
132005438536
372000431537
323005434538
932000437539
932200438540
352700431541
321200434542
732700437543
332200430544
329700433545
532200436546
312700439547
327200432548
332700435549
332090436550
392040439551
325090432552
132040435553
372090438554
323040431555
932090434556
352040437557
321090430558
732040433559
732006434560
332001437561
329006430562
532001433563
312006436564
327001439565
332006432566
392001435567
325006438568
132001431569
132300432570
372800435571
323300438572
932800431573
352300434574
321800437575
732300430576
332800433577
329300436578
532800439579
532000430580
312050433581
327000436582
332050439583
392000432584
325050435585
132000438586
372050431587
323000434588
932050437589
932007438590
352002431591
321007434592
732002437593
332007430594
329002433595
532007436596
312002439597
327007432598
332002435599
132007743600
372002043601
323007343602
932002643603
352007943604
321002243605
732007543606
332002843607
329007143608
532002443609
532400543610
312900843611
327400143612
332900443613
392400743614
325900043615
132400343616
372900643617
323400943618
932900243619
932010343620
352060643621
321010943622
732060243623
332010543624
329060843625
532010143626
312060443627
327010743628
332060043629
332008143630
392003443631
325008743632
132003043633
372008343634
323003643635
932008943636
352003243637
321008543638
732003843639
732500943640
332000243641
329500543642
532000843643
312500143644
327000443645
332500743646
392000043647
325500343648
132000643649
132020743650
372070043651
323020343652
932070643653
352020943654
321070243655
732020543656
332070843657
329020143658
532070443659
532009543660
312004843661
327009143662
332004443663
392009743664
325004043665
132009343666
372004643667
323009943668
932004243669
932600343670
352100643671
321600943672
732100243673
332600543674
329100843675
532600143676
312100443677
327600743678
332100043679
332030143680
392080443681
325030743682
132080043683
372030343684
323080643685
932030943686
352080243687
321030543688
732080843689
732000943690
332005243691
329000543692
532005843693
312000143694
327005443695
332000743696
392005043697
325000343698
132005643699
932000483700
352005413701
321000443702
732005473703
332000403704
329005433705
532000463706
312005493707
327000423708
332005453709
332700463710
392200493711
325700423712
132200453713
372700483714
323200413715
932700443716
352200473717
321700403718
732200433719
732040443720
332090473721
329040403722
532090433723
312040463724
327090493725
332040423726
392090453727
325040483728
132090413729
132001423730
372006453731
323001483732
932006413733
352001443734
321006473735
732001403736
332006433737
329001463738
532006493739
532800403740
312300433741
327800463742
332300493743
392800423744
325300453745
132800483746
372300413747
323800443748
932300473749
932050483750
352000413751
321050443752
732000473753
332050403754
329000433755
532050463756
312000493757
327050423758
332000453759
332002463760
392007493761
325002423762
132007453763
372002483764
323007413765
932002443766
352007473767
321002403768
732007433769
732900443770
332400473771
329900403772
532400433773
312900463774
327400493775
332900423776
392400453777
325900483778
132400413779
132060423780
372010453781
323060483782
932010413783
352060443784
321010473785
732060403786
332010433787
329060463788
532010493789
532003403790
312008433791
327003463792
332008493793
392003423794
325008453795
132003483796
372008413797
323003443798
932008473799
732003439800
332008432801
329003435802
532008438803
312003431804
327008434805
332003437806
392008430807
325003433808
132008436809
132000437810
372500430811
323000433812
932500436813
352000439814
321500432815
732000435816
332500438817
329000431818
532500434819
532070435820
312020438821
327070431822
332020434823
392070437824
325020430825
132070433826
372020436827
323070439828
932020432829
932004433830
352009436831
321004439832
732009432833
332004435834
329009438835
532004431836
312009434837
327004437838
332009430839
332100431840
392600434841
325100437842
132600430843
372100433844
323600436845
932100439846
352600432847
321100435848
732600438849
732080439850
332030432851
329080435852
532030438853
312080431854
327030434855
332080437856
392030430857
325080433858
132030436859
132005437860
372000430861
323005433862
932000436863
352005439864
321000432865
732005435866
332000438867
329005431868
532000434869
532200435870
312700438871
327200431872
332700434873
392200437874
325700430875
132200433876
372700436877
323200439878
932700432879
932090433880
352040436881
321090439882
732040432883
332090435884
329040438885
532090431886
312040434887
327090437888
332040430889
332006431890
392001434891
325006437892
132001430893
372006433894
323001436895
932006439896
352001432897
321006435898
732001438899
532006043900
312001343901
327006643902
332001943903
392006243904
325001543905
132006843906
372001143907
323006443908
932001743909
932300843910
352800143911
321300443912
732800743913
332300043914
329800343915
532300643916
312800943917
327300243918
332800543919
332000643920
392050943921
325000243922
132050543923
372000843924
323050143925
932000443926
352050743927
321000043928
732050343929
732007443930
332002743931
329007043932
532002343933
312007643934
327002943935
332007243936
392002543937
325007843938
132002143939
132400243940
372900543941
323400843942
932900143943
352400443944
321900743945
732400043946
332900343947
329400643948
532900943949
532010043950
312060343951
327010643952
332060943953
392010243954
325060543955
132010843956
372060143957
323010443958
932060743959
932008843960
352003143961
321008443962
732003743963
332008043964
329003343965
532008643966
312003943967
327008243968
332003543969
332500643970
392000943971
325500243972
132000543973
372500843974
323000143975
932500443976
352000743977
321500043978
732000343979
732020443980
332070743981
329020043982
532070343983
312020643984
327070943985
332020243986
392070543987
325020843988
132070143989
132009243990
372004543991
323009843992
932004143993
352009443994
321004743995
732009043996
332004343997
329009643998
532004943999
532008744000