322006252001
328001552002
432006852003
302001152004
326006452005
232001752006
382006052007
324001352008
032006652009
032800752010
362300052011
322800352012
832300652013
342800952014
320300252015
632800552016
322300852017
328800152018
432300452019
432050552020
302000852021
326050152022
232000452023
382050752024
324000052025
032050352026
362000652027
322050952028
832000252029
832002352030
342007652031
320002952032
632007252033
322002552034
328007852035
432002152036
302007452037
326002752038
232007052039
232900152040
382400452041
324900752042
032400052043
362900352044
322400652045
832900952046
342400252047
320900552048
632400852049
632060952050
322010252051
328060552052
432010852053
302060152054
326010452055
232060752056
382010052057
324060352058
032010652059
032003752060
362008052061
322003352062
832008652063
342003952064
320008252065
632003552066
322008852067
328003152068
432008452069
432000552070
302500852071
326000152072
232500452073
382000752074
324500052075
032000352076
362500652077
322000952078
832500252079
832070352080
342020652081
320070952082
632020252083
322070552084
328020852085
432070152086
302020452087
326070752088
232020052089
232004152090
382009452091
324004752092
032009052093
362004352094
322009652095
832004952096
342009252097
320004552098
632009852099
432004502100
302009532101
326004562102
232009592103
382004522104
324009552105
032004582106
362009512107
322004542108
832009572109
832100582110
342600512111
320100542112
632600572113
322100502114
328600532115
432100562116
302600592117
326100522118
232600552119
232080562120
382030592121
324080522122
032030552123
362080582124
322030512125
832080542126
342030572127
320080502128
632030532129
632005542130
322000572131
328005502132
432000532133
302005562134
326000592135
232005522136
382000552137
324005582138
032000512139
032200522140
362700552141
322200582142
832700512143
342200542144
320700572145
632200502146
322700532147
328200562148
432700592149
432090502150
302040532151
326090562152
232040592153
382090522154
324040552155
032090582156
362040512157
322090542158
832040572159
832006582160
342001512161
320006542162
632001572163
322006502164
328001532165
432006562166
302001592167
326006522168
232001552169
232300562170
382800592171
324300522172
032800552173
362300582174
322800512175
832300542176
342800572177
320300502178
632800532179
632000542180
322050572181
328000502182
432050532183
302000562184
326050592185
232000522186
382050552187
324000582188
032050512189
032007522190
362002552191
322007582192
832002512193
342007542194
320002572195
632007502196
322002532197
328007562198
432002592199
232007521200
382002524201
324007527202
032002520203
362007523204
322002526205
832007529206
342002522207
320007525208
632002528209
632400529210
322900522211
328400525212
432900528213
302400521214
326900524215
232400527216
382900520217
324400523218
032900526219
032010527220
362060520221
322010523222
832060526223
342010529224
320060522225
632010525226
322060528227
328010521228
432060524229
432008525230
302003528231
326008521232
232003524233
382008527234
324003520235
032008523236
362003526237
322008529238
832003522239
832500523240
342000526241
320500529242
632000522243
322500525244
328000528245
432500521246
302000524247
326500527248
232000520249
232020521250
382070524251
324020527252
032070520253
362020523254
322070526255
832020529256
342070522257
320020525258
632070528259
632009529260
322004522261
328009525262
432004528263
302009521264
326004524265
232009527266
382004520267
324009523268
032004526269
032600527270
362100520271
322600523272
832100526273
342600529274
320100522275
632600525276
322100528277
328600521278
432100524279
432030525280
302080528281
326030521282
232080524283
382030527284
324080520285
032030523286
362080526287
322030529288
832080522289
832000523290
342005526291
320000529292
632005522293
322000525294
328005528295
432000521296
302005524297
326000527298
232005520299
032000252300
362005552301
322000852302
832005152303
342000452304
320005752305
632000052306
322005352307
328000652308
432005952309
432700052310
302200352311
326700652312
232200952313
382700252314
324200552315
032700852316
362200152317
322700452318
832200752319
832040852320
342090152321
320040452322
632090752323
322040052324
328090352325
432040652326
302090952327
326040252328
232090552329
232001652330
382006952331
324001252332
032006552333
362001852334
322006152335
832001452336
342006752337
320001052338
632006352339
632800452340
322300752341
328800052342
432300352343
302800652344
326300952345
232800252346
382300552347
324800852348
032300152349
032050252350
362000552351
322050852352
832000152353
342050452354
320000752355
632050052356
322000352357
328050652358
432000952359
432002052360
302007352361
326002652362
232007952363
382002252364
324007552365
032002852366
362007152367
322002452368
832007752369
832900852370
342400152371
320900452372
632400752373
322900052374
328400352375
432900652376
302400952377
326900252378
232400552379
232060652380
382010952381
324060252382
032010552383
362060852384
322010152385
832060452386
342010752387
320060052388
632010352389
632003452390
322008752391
328003052392
432008352393
302003652394
326008952395
232003252396
382008552397
324003852398
032008152399
832003532400
342008562401
320003592402
632008522403
322003552404
328008582405
432003512406
302008542407
326003572408
232008502409
232000512410
382500542411
324000572412
032500502413
362000532414
322500562415
832000592416
342500522417
320000552418
632500582419
632070592420
322020522421
328070552422
432020582423
302070512424
326020542425
232070572426
382020502427
324070532428
032020562429
032004572430
362009502431
322004532432
832009562433
342004592434
320009522435
632004552436
322009582437
328004512438
432009542439
432100552440
302600582441
326100512442
232600542443
382100572444
324600502445
032100532446
362600562447
322100592448
832600522449
832080532450
342030562451
320080592452
632030522453
322080552454
328030582455
432080512456
302030542457
326080572458
232030502459
232005512460
382000542461
324005572462
032000502463
362005532464
322000562465
832005592466
342000522467
320005552468
632000582469
632200592470
322700522471
328200552472
432700582473
302200512474
326700542475
232200572476
382700502477
324200532478
032700562479
032090572480
362040502481
322090532482
832040562483
342090592484
320040522485
632090552486
322040582487
328090512488
432040542489
432006552490
302001582491
326006512492
232001542493
382006572494
324001502495
032006532496
362001562497
322006592498
832001522499
632006524500
322001527501
328006520502
432001523503
302006526504
326001529505
232006522506
382001525507
324006528508
032001521509
032300522510
362800525511
322300528512
832800521513
342300524514
320800527515
632300520516
322800523517
328300526518
432800529519
432000520520
302050523521
326000526522
232050529523
382000522524
324050525525
032000528526
362050521527
322000524528
832050527529
832007528530
342002521531
320007524532
632002527533
322007520534
328002523535
432007526536
302002529537
326007522538
232002525539
232400526540
382900529541
324400522542
032900525543
362400528544
322900521545
832400524546
342900527547
320400520548
632900523549
632010524550
322060527551
328010520552
432060523553
302010526554
326060529555
232010522556
382060525557
324010528558
032060521559
032008522560
362003525561
322008528562
832003521563
342008524564
320003527565
632008520566
322003523567
328008526568
432003529569
432500520570
302000523571
326500526572
232000529573
382500522574
324000525575
032500528576
362000521577
322500524578
832000527579
832020528580
342070521581
320020524582
632070527583
322020520584
328070523585
432020526586
302070529587
326020522588
232070525589
232009526590
382004529591
324009522592
032004525593
362009528594
322004521595
832009524596
342004527597
320009520598
632004523599
432009552600
302004852601
326009152602
232004452603
382009752604
324004052605
032009352606
362004652607
322009952608
832004252609
832600352610
342100652611
320600952612
632100252613
322600552614
328100852615
432600152616
302100452617
326600752618
232100052619
232030152620
382080452621
324030752622
032080052623
362030352624
322080652625
832030952626
342080252627
320030552628
632080852629
632000952630
322005252631
328000552632
432005852633
302000152634
326005452635
232000752636
382005052637
324000352638
032005652639
032700752640
362200052641
322700352642
832200652643
342700952644
320200252645
632700552646
322200852647
328700152648
432200452649
432040552650
302090852651
326040152652
232090452653
382040752654
324090052655
032040352656
362090652657
322040952658
832090252659
832001352660
342006652661
320001952662
632006252663
322001552664
328006852665
432001152666
302006452667
326001752668
232006052669
232800152670
382300452671
324800752672
032300052673
362800352674
322300652675
832800952676
342300252677
320800552678
632300852679
632050952680
322000252681
328050552682
432000852683
302050152684
326000452685
232050752686
382000052687
324050352688
032000652689
032002752690
362007052691
322002352692
832007652693
342002952694
320007252695
632002552696
322007852697
328002152698
432007452699
232002562700
382007592701
324002522702
032007552703
362002582704
322007512705
832002542706
342007572707
320002502708
632007532709
632900542710
322400572711
328900502712
432400532713
302900562714
326400592715
232900522716
382400552717
324900582718
032400512719
032060522720
362010552721
322060582722
832010512723
342060542724
320010572725
632060502726
322010532727
328060562728
432010592729
432003502730
302008532731
326003562732
232008592733
382003522734
324008552735
032003582736
362008512737
322003542738
832008572739
832000582740
342500512741
320000542742
632500572743
322000502744
328500532745
432000562746
302500592747
326000522748
232500552749
232070562750
382020592751
324070522752
032020552753
362070582754
322020512755
832070542756
342020572757
320070502758
632020532759
632004542760
322009572761
328004502762
432009532763
302004562764
326009592765
232004522766
382009552767
324004582768
032009512769
032100522770
362600552771
322100582772
832600512773
342100542774
320600572775
632100502776
322600532777
328100562778
432600592779
432080502780
302030532781
326080562782
232030592783
382080522784
324030552785
032080582786
362030512787
322080542788
832030572789
832005582790
342000512791
320005542792
632000572793
322005502794
328000532795
432005562796
302000592797
326005522798
232000552799
032005527800
362000520801
322005523802
832000526803
342005529804
320000522805
632005525806
322000528807
328005521808
432000524809
432200525810
302700528811
326200521812
232700524813
382200527814
324700520815
032200523816
362700526817
322200529818
832700522819
832090523820
342040526821
320090529822
632040522823
322090525824
328040528825
432090521826
302040524827
326090527828
232040520829
232006521830
382001524831
324006527832
032001520833
362006523834
322001526835
832006529836
342001522837
320006525838
632001528839
632300529840
322800522841
328300525842
432800528843
302300521844
326800524845
232300527846
382800520847
324300523848
032800526849
032000527850
362050520851
322000523852
832050526853
342000529854
320050522855
632000525856
322050528857
328000521858
432050524859
432007525860
302002528861
326007521862
232002524863
382007527864
324002520865
032007523866
362002526867
322007529868
832002522869
832400523870
342900526871
320400529872
632900522873
322400525874
328900528875
432400521876
302900524877
326400527878
232900520879
232010521880
382060524881
324010527882
032060520883
362010523884
322060526885
832010529886
342060522887
320010525888
632060528889
632008529890
322003522891
328008525892
432003528893
302008521894
326003524895
232008527896
382003520897
324008523898
032003526899
832008852900
342003152901
320008452902
632003752903
322008052904
328003352905
432008652906
302003952907
326008252908
232003552909
232500652910
382000952911
324500252912
032000552913
362500852914
322000152915
832500452916
342000752917
320500052918
632000352919
632020452920
322070752921
328020052922
432070352923
302020652924
326070952925
232020252926
382070552927
324020852928
032070152929
032009252930
362004552931
322009852932
832004152933
342009452934
320004752935
632009052936
322004352937
328009652938
432004952939
432600052940
302100352941
326600652942
232100952943
382600252944
324100552945
032600852946
362100152947
322600452948
832100752949
832030852950
342080152951
320030452952
632080752953
322030052954
328080352955
432030652956
302080952957
326030252958
232080552959
232000652960
382005952961
324000252962
032005552963
362000852964
322005152965
832000452966
342005752967
320000052968
632005352969
632700452970
322200752971
328700052972
432200352973
302700652974
326200952975
232700252976
382200552977
324700852978
032200152979
032040252980
362090552981
322040852982
832090152983
342040452984
320090752985
632040052986
322090352987
328040652988
432090952989
432001052990
302006352991
326001652992
232006952993
382001252994
324006552995
032001852996
362006152997
322001452998
832006752999
832000553000