392009448001
325004748002
132009048003
372004348004
323009648005
932004948006
352009248007
321004548008
732009848009
732100948010
332600248011
329100548012
532600848013
312100148014
327600448015
332100748016
392600048017
325100348018
132600648019
132080748020
372030048021
323080348022
932030648023
352080948024
321030248025
732080548026
332030848027
329080148028
532030448029
532005548030
312000848031
327005148032
332000448033
392005748034
325000048035
132005348036
372000648037
323005948038
932000248039
932200348040
352700648041
321200948042
732700248043
332200548044
329700848045
532200148046
312700448047
327200748048
332700048049
332090148050
392040448051
325090748052
132040048053
372090348054
323040648055
932090948056
352040248057
321090548058
732040848059
732006948060
332001248061
329006548062
532001848063
312006148064
327001448065
332006748066
392001048067
325006348068
132001648069
132300748070
372800048071
323300348072
932800648073
352300948074
321800248075
732300548076
332800848077
329300148078
532800448079
532000548080
312050848081
327000148082
332050448083
392000748084
325050048085
132000348086
372050648087
323000948088
932050248089
932007348090
352002648091
321007948092
732002248093
332007548094
329002848095
532007148096
312002448097
327007748098
332002048099
132007428100
372002458101
323007488102
932002418103
352007448104
321002478105
732007408106
332002438107
329007468108
532002498109
532400408110
312900438111
327400468112
332900498113
392400428114
325900458115
132400488116
372900418117
323400448118
932900478119
932010488120
352060418121
321010448122
732060478123
332010408124
329060438125
532010468126
312060498127
327010428128
332060458129
332008468130
392003498131
325008428132
132003458133
372008488134
323003418135
932008448136
352003478137
321008408138
732003438139
732500448140
332000478141
329500408142
532000438143
312500468144
327000498145
332500428146
392000458147
325500488148
132000418149
132020428150
372070458151
323020488152
932070418153
352020448154
321070478155
732020408156
332070438157
329020468158
532070498159
532009408160
312004438161
327009468162
332004498163
392009428164
325004458165
132009488166
372004418167
323009448168
932004478169
932600488170
352100418171
321600448172
732100478173
332600408174
329100438175
532600468176
312100498177
327600428178
332100458179
332030468180
392080498181
325030428182
132080458183
372030488184
323080418185
932030448186
352080478187
321030408188
732080438189
732000448190
332005478191
329000408192
532005438193
312000468194
327005498195
332000428196
392005458197
325000488198
132005418199
932000483200
352005486201
321000489202
732005482203
332000485204
329005488205
532000481206
312005484207
327000487208
332005480209
332700481210
392200484211
325700487212
132200480213
372700483214
323200486215
932700489216
352200482217
321700485218
732200488219
732040489220
332090482221
329040485222
532090488223
312040481224
327090484225
332040487226
392090480227
325040483228
132090486229
132001487230
372006480231
323001483232
932006486233
352001489234
321006482235
732001485236
332006488237
329001481238
532006484239
532800485240
312300488241
327800481242
332300484243
392800487244
325300480245
132800483246
372300486247
323800489248
932300482249
932050483250
352000486251
321050489252
732000482253
332050485254
329000488255
532050481256
312000484257
327050487258
332000480259
332002481260
392007484261
325002487262
132007480263
372002483264
323007486265
932002489266
352007482267
321002485268
732007488269
732900489270
332400482271
329900485272
532400488273
312900481274
327400484275
332900487276
392400480277
325900483278
132400486279
132060487280
372010480281
323060483282
932010486283
352060489284
321010482285
732060485286
332010488287
329060481288
532010484289
532003485290
312008488291
327003481292
332008484293
392003487294
325008480295
132003483296
372008486297
323003489298
932008482299
732003448300
332008748301
329003048302
532008348303
312003648304
327008948305
332003248306
392008548307
325003848308
132008148309
132000248310
372500548311
323000848312
932500148313
352000448314
321500748315
732000048316
332500348317
329000648318
532500948319
532070048320
312020348321
327070648322
332020948323
392070248324
325020548325
132070848326
372020148327
323070448328
932020748329
932004848330
352009148331
321004448332
732009748333
332004048334
329009348335
532004648336
312009948337
327004248338
332009548339
332100648340
392600948341
325100248342
132600548343
372100848344
323600148345
932100448346
352600748347
321100048348
732600348349
732080448350
332030748351
329080048352
532030348353
312080648354
327030948355
332080248356
392030548357
325080848358
132030148359
132005248360
372000548361
323005848362
932000148363
352005448364
321000748365
732005048366
332000348367
329005648368
532000948369
532200048370
312700348371
327200648372
332700948373
392200248374
325700548375
132200848376
372700148377
323200448378
932700748379
932090848380
352040148381
321090448382
732040748383
332090048384
329040348385
532090648386
312040948387
327090248388
332040548389
332006648390
392001948391
325006248392
132001548393
372006848394
323001148395
932006448396
352001748397
321006048398
732001348399
532006458400
312001488401
327006418402
332001448403
392006478404
325001408405
132006438406
372001468407
323006498408
932001428409
932300438410
352800468411
321300498412
732800428413
332300458414
329800488415
532300418416
312800448417
327300478418
332800408419
332000418420
392050448421
325000478422
132050408423
372000438424
323050468425
932000498426
352050428427
321000458428
732050488429
732007498430
332002428431
329007458432
532002488433
312007418434
327002448435
332007478436
392002408437
325007438438
132002468439
132400478440
372900408441
323400438442
932900468443
352400498444
321900428445
732400458446
332900488447
329400418448
532900448449
532010458450
312060488451
327010418452
332060448453
392010478454
325060408455
132010438456
372060468457
323010498458
932060428459
932008438460
352003468461
321008498462
732003428463
332008458464
329003488465
532008418466
312003448467
327008478468
332003408469
332500418470
392000448471
325500478472
132000408473
372500438474
323000468475
932500498476
352000428477
321500458478
732000488479
732020498480
332070428481
329020458482
532070488483
312020418484
327070448485
332020478486
392070408487
325020438488
132070468489
132009478490
372004408491
323009438492
932004468493
352009498494
321004428495
732009458496
332004488497
329009418498
532004448499
332009486500
392004489501
325009482502
132004485503
372009488504
323004481505
932009484506
352004487507
321009480508
732004483509
732600484510
332100487511
329600480512
532100483513
312600486514
327100489515
332600482516
392100485517
325600488518
132100481519
132030482520
372080485521
323030488522
932080481523
352030484524
321080487525
732030480526
332080483527
329030486528
532080489529
532000480530
312005483531
327000486532
332005489533
392000482534
325005485535
132000488536
372005481537
323000484538
932005487539
932700488540
352200481541
321700484542
732200487543
332700480544
329200483545
532700486546
312200489547
327700482548
332200485549
332040486550
392090489551
325040482552
132090485553
372040488554
323090481555
932040484556
352090487557
321040480558
732090483559
732001484560
332006487561
329001480562
532006483563
312001486564
327006489565
332001482566
392006485567
325001488568
132006481569
132800482570
372300485571
323800488572
932300481573
352800484574
321300487575
732800480576
332300483577
329800486578
532300489579
532050480580
312000483581
327050486582
332000489583
392050482584
325000485585
132050488586
372000481587
323050484588
932000487589
932002488590
352007481591
321002484592
732007487593
332002480594
329007483595
532002486596
312007489597
327002482598
332007485599
132002748600
372007048601
323002348602
932007648603
352002948604
321007248605
732002548606
332007848607
329002148608
532007448609
532900548610
312400848611
327900148612
332400448613
392900748614
325400048615
132900348616
372400648617
323900948618
932400248619
932060348620
352010648621
321060948622
732010248623
332060548624
329010848625
532060148626
312010448627
327060748628
332010048629
332003148630
392008448631
325003748632
132008048633
372003348634
323008648635
932003948636
352008248637
321003548638
732008848639
732000948640
332500248641
329000548642
532500848643
312000148644
327500448645
332000748646
392500048647
325000348648
132500648649
132070748650
372020048651
323070348652
932020648653
352070948654
321020248655
732070548656
332020848657
329070148658
532020448659
532004548660
312009848661
327004148662
332009448663
392004748664
325009048665
132004348666
372009648667
323004948668
932009248669
932100348670
352600648671
321100948672
732600248673
332100548674
329600848675
532100148676
312600448677
327100748678
332600048679
332080148680
392030448681
325080748682
132030048683
372080348684
323030648685
932080948686
352030248687
321080548688
732030848689
732005948690
332000248691
329005548692
532000848693
312005148694
327000448695
332005748696
392000048697
325005348698
132000648699
932005488700
352000418701
321005448702
732000478703
332005408704
329000438705
532005468706
312000498707
327005428708
332000458709
332200468710
392700498711
325200428712
132700458713
372200488714
323700418715
932200448716
352700478717
321200408718
732700438719
732090448720
332040478721
329090408722
532040438723
312090468724
327040498725
332090428726
392040458727
325090488728
132040418729
132006428730
372001458731
323006488732
932001418733
352006448734
321001478735
732006408736
332001438737
329006468738
532001498739
532300408740
312800438741
327300468742
332800498743
392300428744
325800458745
132300488746
372800418747
323300448748
932800478749
932000488750
352050418751
321000448752
732050478753
332000408754
329050438755
532000468756
312050498757
327000428758
332050458759
332007468760
392002498761
325007428762
132002458763
372007488764
323002418765
932007448766
352002478767
321007408768
732002438769
732400448770
332900478771
329400408772
532900438773
312400468774
327900498775
332400428776
392900458777
325400488778
132900418779
132010428780
372060458781
323010488782
932060418783
352010448784
321060478785
732010408786
332060438787
329010468788
532060498789
532008408790
312003438791
327008468792
332003498793
392008428794
325003458795
132008488796
372003418797
323008448798
932003478799
732008489800
332003482801
329008485802
532003488803
312008481804
327003484805
332008487806
392003480807
325008483808
132003486809
132500487810
372000480811
323500483812
932000486813
352500489814
321000482815
732500485816
332000488817
329500481818
532000484819
532020485820
312070488821
327020481822
332070484823
392020487824
325070480825
132020483826
372070486827
323020489828
932070482829
932009483830
352004486831
321009489832
732004482833
332009485834
329004488835
532009481836
312004484837
327009487838
332004480839
332600481840
392100484841
325600487842
132100480843
372600483844
323100486845
932600489846
352100482847
321600485848
732100488849
732030489850
332080482851
329030485852
532080488853
312030481854
327080484855
332030487856
392080480857
325030483858
132080486859
132000487860
372005480861
323000483862
932005486863
352000489864
321005482865
732000485866
332005488867
329000481868
532005484869
532700485870
312200488871
327700481872
332200484873
392700487874
325200480875
132700483876
372200486877
323700489878
932200482879
932040483880
352090486881
321040489882
732090482883
332040485884
329090488885
532040481886
312090484887
327040487888
332090480889
332001481890
392006484891
325001487892
132006480893
372001483894
323006486895
932001489896
352006482897
321001485898
732006488899
532001048900
312006348901
327001648902
332006948903
392001248904
325006548905
132001848906
372006148907
323001448908
932006748909
932800848910
352300148911
321800448912
732300748913
332800048914
329300348915
532800648916
312300948917
327800248918
332300548919
332050648920
392000948921
325050248922
132000548923
372050848924
323000148925
932050448926
352000748927
321050048928
732000348929
732002448930
332007748931
329002048932
532007348933
312002648934
327007948935
332002248936
392007548937
325002848938
132007148939
132900248940
372400548941
323900848942
932400148943
352900448944
321400748945
732900048946
332400348947
329900648948
532400948949
532060048950
312010348951
327060648952
332010948953
392060248954
325010548955
132060848956
372010148957
323060448958
932010748959
932003848960
352008148961
321003448962
732008748963
332003048964
329008348965
532003648966
312008948967
327003248968
332008548969
332000648970
392500948971
325000248972
132500548973
372000848974
323500148975
932000448976
352500748977
321000048978
732500348979
732070448980
332020748981
329070048982
532020348983
312070648984
327020948985
332070248986
392020548987
325070848988
132020148989
132004248990
372009548991
323004848992
932009148993
352004448994
321009748995
732004048996
332009348997
329004648998
532009948999
532003749000