332000825001
329005125002
532000425003
312005725004
327000025005
332005325006
392000625007
325005925008
132000225009
132200325010
372700625011
323200925012
932700225013
352200525014
321700825015
732200125016
332700425017
329200725018
532700025019
532090125020
312040425021
327090725022
332040025023
392090325024
325040625025
132090925026
372040225027
323090525028
932040825029
932006925030
352001225031
321006525032
732001825033
332006125034
329001425035
532006725036
312001025037
327006325038
332001625039
332300725040
392800025041
325300325042
132800625043
372300925044
323800225045
932300525046
352800825047
321300125048
732800425049
732000525050
332050825051
329000125052
532050425053
312000725054
327050025055
332000325056
392050625057
325000925058
132050225059
132007325060
372002625061
323007925062
932002225063
352007525064
321002825065
732007125066
332002425067
329007725068
532002025069
532400125070
312900425071
327400725072
332900025073
392400325074
325900625075
132400925076
372900225077
323400525078
932900825079
932010925080
352060225081
321010525082
732060825083
332010125084
329060425085
532010725086
312060025087
327010325088
332060625089
332008725090
392003025091
325008325092
132003625093
372008925094
323003225095
932008525096
352003825097
321008125098
732003425099
532008265100
312003295101
327008225102
332003255103
392008285104
325003215105
132008245106
372003275107
323008205108
932003235109
932500245110
352000275111
321500205112
732000235113
332500265114
329000295115
532500225116
312000255117
327500285118
332000215119
332020225120
392070255121
325020285122
132070215123
372020245124
323070275125
932020205126
352070235127
321020265128
732070295129
732009205130
332004235131
329009265132
532004295133
312009225134
327004255135
332009285136
392004215137
325009245138
132004275139
132600285140
372100215141
323600245142
932100275143
352600205144
321100235145
732600265146
332100295147
329600225148
532100255149
532030265150
312080295151
327030225152
332080255153
392030285154
325080215155
132030245156
372080275157
323030205158
932080235159
932000245160
352005275161
321000205162
732005235163
332000265164
329005295165
532000225166
312005255167
327000285168
332005215169
332700225170
392200255171
325700285172
132200215173
372700245174
323200275175
932700205176
352200235177
321700265178
732200295179
732040205180
332090235181
329040265182
532090295183
312040225184
327090255185
332040285186
392090215187
325040245188
132090275189
132001285190
372006215191
323001245192
932006275193
352001205194
321006235195
732001265196
332006295197
329001225198
532006255199
332001257200
392006250201
325001253202
132006256203
372001259204
323006252205
932001255206
352006258207
321001251208
732006254209
732800255210
332300258211
329800251212
532300254213
312800257214
327300250215
332800253216
392300256217
325800259218
132300252219
132050253220
372000256221
323050259222
932000252223
352050255224
321000258225
732050251226
332000254227
329050257228
532000250229
532002251230
312007254231
327002257232
332007250233
392002253234
325007256235
132002259236
372007252237
323002255238
932007258239
932900259240
352400252241
321900255242
732400258243
332900251244
329400254245
532900257246
312400250247
327900253248
332400256249
332060257250
392010250251
325060253252
132010256253
372060259254
323010252255
932060255256
352010258257
321060251258
732010254259
732003255260
332008258261
329003251262
532008254263
312003257264
327008250265
332003253266
392008256267
325003259268
132008252269
132000253270
372500256271
323000259272
932500252273
352000255274
321500258275
732000251276
332500254277
329000257278
532500250279
532070251280
312020254281
327070257282
332020250283
392070253284
325020256285
132070259286
372020252287
323070255288
932020258289
932004259290
352009252291
321004255292
732009258293
332004251294
329009254295
532004257296
312009250297
327004253298
332009256299
132004825300
372009125301
323004425302
932009725303
352004025304
321009325305
732004625306
332009925307
329004225308
532009525309
532100625310
312600925311
327100225312
332600525313
392100825314
325600125315
132100425316
372600725317
323100025318
932600325319
932080425320
352030725321
321080025322
732030325323
332080625324
329030925325
532080225326
312030525327
327080825328
332030125329
332005225330
392000525331
325005825332
132000125333
372005425334
323000725335
932005025336
352000325337
321005625338
732000925339
732200025340
332700325341
329200625342
532700925343
312200225344
327700525345
332200825346
392700125347
325200425348
132700725349
132090825350
372040125351
323090425352
932040725353
352090025354
321040325355
732090625356
332040925357
329090225358
532040525359
532006625360
312001925361
327006225362
332001525363
392006825364
325001125365
132006425366
372001725367
323006025368
932001325369
932300425370
352800725371
321300025372
732800325373
332300625374
329800925375
532300225376
312800525377
327300825378
332800125379
332000225380
392050525381
325000825382
132050125383
372000425384
323050725385
932000025386
352050325387
321000625388
732050925389
732007025390
332002325391
329007625392
532002925393
312007225394
327002525395
332007825396
392002125397
325007425398
132002725399
932007295400
352002225401
321007255402
732002285403
332007215404
329002245405
532007275406
312002205407
327007235408
332002265409
332400275410
392900205411
325400235412
132900265413
372400295414
323900225415
932400255416
352900285417
321400215418
732900245419
732010255420
332060285421
329010215422
532060245423
312010275424
327060205425
332010235426
392060265427
325010295428
132060225429
132008235430
372003265431
323008295432
932003225433
352008255434
321003285435
732008215436
332003245437
329008275438
532003205439
532500215440
312000245441
327500275442
332000205443
392500235444
325000265445
132500295446
372000225447
323500255448
932000285449
932020295450
352070225451
321020255452
732070285453
332020215454
329070245455
532020275456
312070205457
327020235458
332070265459
332009275460
392004205461
325009235462
132004265463
372009295464
323004225465
932009255466
352004285467
321009215468
732004245469
732600255470
332100285471
329600215472
532100245473
312600275474
327100205475
332600235476
392100265477
325600295478
132100225479
132030235480
372080265481
323030295482
932080225483
352030255484
321080285485
732030215486
332080245487
329030275488
532080205489
532000215490
312005245491
327000275492
332005205493
392000235494
325005265495
132000295496
372005225497
323000255498
932005285499
732000250500
332005253501
329000256502
532005259503
312000252504
327005255505
332000258506
392005251507
325000254508
132005257509
132700258510
372200251511
323700254512
932200257513
352700250514
321200253515
732700256516
332200259517
329700252518
532200255519
532040256520
312090259521
327040252522
332090255523
392040258524
325090251525
132040254526
372090257527
323040250528
932090253529
932001254530
352006257531
321001250532
732006253533
332001256534
329006259535
532001252536
312006255537
327001258538
332006251539
332800252540
392300255541
325800258542
132300251543
372800254544
323300257545
932800250546
352300253547
321800256548
732300259549
732050250550
332000253551
329050256552
532000259553
312050252554
327000255555
332050258556
392000251557
325050254558
132000257559
132002258560
372007251561
323002254562
932007257563
352002250564
321007253565
732002256566
332007259567
329002252568
532007255569
532900256570
312400259571
327900252572
332400255573
392900258574
325400251575
132900254576
372400257577
323900250578
932400253579
932060254580
352010257581
321060250582
732010253583
332060256584
329010259585
532060252586
312010255587
327060258588
332010251589
332003252590
392008255591
325003258592
132008251593
372003254594
323008257595
932003250596
352008253597
321003256598
732008259599
532003125600
312008425601
327003725602
332008025603
392003325604
325008625605
132003925606
372008225607
323003525608
932008825609
932000925610
352500225611
321000525612
732500825613
332000125614
329500425615
532000725616
312500025617
327000325618
332500625619
332070725620
392020025621
325070325622
132020625623
372070925624
323020225625
932070525626
352020825627
321070125628
732020425629
732004525630
332009825631
329004125632
532009425633
312004725634
327009025635
332004325636
392009625637
325004925638
132009225639
132100325640
372600625641
323100925642
932600225643
352100525644
321600825645
732100125646
332600425647
329100725648
532600025649
532080125650
312030425651
327080725652
332030025653
392080325654
325030625655
132080925656
372030225657
323080525658
932030825659
932005925660
352000225661
321005525662
732000825663
332005125664
329000425665
532005725666
312000025667
327005325668
332000625669
332200725670
392700025671
325200325672
132700625673
372200925674
323700225675
932200525676
352700825677
321200125678
732700425679
732090525680
332040825681
329090125682
532040425683
312090725684
327040025685
332090325686
392040625687
325090925688
132040225689
132006325690
372001625691
323006925692
932001225693
352006525694
321001825695
732006125696
332001425697
329006725698
532001025699
332006225700
392001255701
325006285702
132001215703
372006245704
323001275705
932006205706
352001235707
321006265708
732001295709
732300205710
332800235711
329300265712
532800295713
312300225714
327800255715
332300285716
392800215717
325300245718
132800275719
132000285720
372050215721
323000245722
932050275723
352000205724
321050235725
732000265726
332050295727
329000225728
532050255729
532007265730
312002295731
327007225732
332002255733
392007285734
325002215735
132007245736
372002275737
323007205738
932002235739
932400245740
352900275741
321400205742
732900235743
332400265744
329900295745
532400225746
312900255747
327400285748
332900215749
332010225750
392060255751
325010285752
132060215753
372010245754
323060275755
932010205756
352060235757
321010265758
732060295759
732008205760
332003235761
329008265762
532003295763
312008225764
327003255765
332008285766
392003215767
325008245768
132003275769
132500285770
372000215771
323500245772
932000275773
352500205774
321000235775
732500265776
332000295777
329500225778
532000255779
532020265780
312070295781
327020225782
332070255783
392020285784
325070215785
132020245786
372070275787
323020205788
932070235789
932009245790
352004275791
321009205792
732004235793
332009265794
329004295795
532009225796
312004255797
327009285798
332004215799
132009253800
372004256801
323009259802
932004252803
352009255804
321004258805
732009251806
332004254807
329009257808
532004250809
532600251810
312100254811
327600257812
332100250813
392600253814
325100256815
132600259816
372100252817
323600255818
932100258819
932030259820
352080252821
321030255822
732080258823
332030251824
329080254825
532030257826
312080250827
327030253828
332080256829
332000257830
392005250831
325000253832
132005256833
372000259834
323005252835
932000255836
352005258837
321000251838
732005254839
732700255840
332200258841
329700251842
532200254843
312700257844
327200250845
332700253846
392200256847
325700259848
132200252849
132040253850
372090256851
323040259852
932090252853
352040255854
321090258855
732040251856
332090254857
329040257858
532090250859
532001251860
312006254861
327001257862
332006250863
392001253864
325006256865
132001259866
372006252867
323001255868
932006258869
932800259870
352300252871
321800255872
732300258873
332800251874
329300254875
532800257876
312300250877
327800253878
332300256879
332050257880
392000250881
325050253882
132000256883
372050259884
323000252885
932050255886
352000258887
321050251888
732000254889
732002255890
332007258891
329002251892
532007254893
312002257894
327007250895
332002253896
392007256897
325002259898
132007252899
932002425900
352007725901
321002025902
732007325903
332002625904
329007925905
532002225906
312007525907
327002825908
332007125909
332900225910
392400525911
325900825912
132400125913
372900425914
323400725915
932900025916
352400325917
321900625918
732400925919
732060025920
332010325921
329060625922
532010925923
312060225924
327010525925
332060825926
392010125927
325060425928
132010725929
132003825930
372008125931
323003425932
932008725933
352003025934
321008325935
732003625936
332008925937
329003225938
532008525939
532000625940
312500925941
327000225942
332500525943
392000825944
325500125945
132000425946
372500725947
323000025948
932500325949
932070425950
352020725951
321070025952
732020325953
332070625954
329020925955
532070225956
312020525957
327070825958
332020125959
332004225960
392009525961
325004825962
132009125963
372004425964
323009725965
932004025966
352009325967
321004625968
732009925969
732100025970
332600325971
329100625972
532600925973
312100225974
327600525975
332100825976
392600125977
325100425978
132600725979
132080825980
372030125981
323080425982
932030725983
352080025984
321030325985
732080625986
332030925987
329080225988
532030525989
532005625990
312000925991
327005225992
332000525993
392005825994
325000125995
132005425996
372000725997
323005025998
932000325999
932004126000