382001235001
324006535002
032001835003
362006135004
322001435005
832006735006
342001035007
320006335008
632001635009
632300735010
322800035011
328300335012
432800635013
302300935014
326800235015
232300535016
382800835017
324300135018
032800435019
032000535020
362050835021
322000135022
832050435023
342000735024
320050035025
632000335026
322050635027
328000935028
432050235029
432007335030
302002635031
326007935032
232002235033
382007535034
324002835035
032007135036
362002435037
322007735038
832002035039
832400135040
342900435041
320400735042
632900035043
322400335044
328900635045
432400935046
302900235047
326400535048
232900835049
232010935050
382060235051
324010535052
032060835053
362010135054
322060435055
832010735056
342060035057
320010335058
632060635059
632008735060
322003035061
328008335062
432003635063
302008935064
326003235065
232008535066
382003835067
324008135068
032003435069
032500535070
362000835071
322500135072
832000435073
342500735074
320000035075
632500335076
322000635077
328500935078
432000235079
432020335080
302070635081
326020935082
232070235083
382020535084
324070835085
032020135086
362070435087
322020735088
832070035089
832009135090
342004435091
320009735092
632004035093
322009335094
328004635095
432009935096
302004235097
326009535098
232004835099
032009305100
362004335101
322009365102
832004395103
342009325104
320004355105
632009385106
322004315107
328009345108
432004375109
432600385110
302100315111
326600345112
232100375113
382600305114
324100335115
032600365116
362100395117
322600325118
832100355119
832030365120
342080395121
320030325122
632080355123
322030385124
328080315125
432030345126
302080375127
326030305128
232080335129
232000345130
382005375131
324000305132
032005335133
362000365134
322005395135
832000325136
342005355137
320000385138
632005315139
632700325140
322200355141
328700385142
432200315143
302700345144
326200375145
232700305146
382200335147
324700365148
032200395149
032040305150
362090335151
322040365152
832090395153
342040325154
320090355155
632040385156
322090315157
328040345158
432090375159
432001385160
302006315161
326001345162
232006375163
382001305164
324006335165
032001365166
362006395167
322001325168
832006355169
832800365170
342300395171
320800325172
632300355173
322800385174
328300315175
432800345176
302300375177
326800305178
232300335179
232050345180
382000375181
324050305182
032000335183
362050365184
322000395185
832050325186
342000355187
320050385188
632000315189
632002325190
322007355191
328002385192
432007315193
302002345194
326007375195
232002305196
382007335197
324002365198
032007395199
832002351200
342007354201
320002357202
632007350203
322002353204
328007356205
432002359206
302007352207
326002355208
232007358209
232900359210
382400352211
324900355212
032400358213
362900351214
322400354215
832900357216
342400350217
320900353218
632400356219
632060357220
322010350221
328060353222
432010356223
302060359224
326010352225
232060355226
382010358227
324060351228
032010354229
032003355230
362008358231
322003351232
832008354233
342003357234
320008350235
632003353236
322008356237
328003359238
432008352239
432000353240
302500356241
326000359242
232500352243
382000355244
324500358245
032000351246
362500354247
322000357248
832500350249
832070351250
342020354251
320070357252
632020350253
322070353254
328020356255
432070359256
302020352257
326070355258
232020358259
232004359260
382009352261
324004355262
032009358263
362004351264
322009354265
832004357266
342009350267
320004353268
632009356269
632100357270
322600350271
328100353272
432600356273
302100359274
326600352275
232100355276
382600358277
324100351278
032600354279
032080355280
362030358281
322080351282
832030354283
342080357284
320030350285
632080353286
322030356287
328080359288
432030352289
432005353290
302000356291
326005359292
232000352293
382005355294
324000358295
032005351296
362000354297
322005357298
832000350299
632005235300
322000535301
328005835302
432000135303
302005435304
326000735305
232005035306
382000335307
324005635308
032000935309
032200035310
362700335311
322200635312
832700935313
342200235314
320700535315
632200835316
322700135317
328200435318
432700735319
432090835320
302040135321
326090435322
232040735323
382090035324
324040335325
032090635326
362040935327
322090235328
832040535329
832006635330
342001935331
320006235332
632001535333
322006835334
328001135335
432006435336
302001735337
326006035338
232001335339
232300435340
382800735341
324300035342
032800335343
362300635344
322800935345
832300235346
342800535347
320300835348
632800135349
632000235350
322050535351
328000835352
432050135353
302000435354
326050735355
232000035356
382050335357
324000635358
032050935359
032007035360
362002335361
322007635362
832002935363
342007235364
320002535365
632007835366
322002135367
328007435368
432002735369
432400835370
302900135371
326400435372
232900735373
382400035374
324900335375
032400635376
362900935377
322400235378
832900535379
832010635380
342060935381
320010235382
632060535383
322010835384
328060135385
432010435386
302060735387
326010035388
232060335389
232008435390
382003735391
324008035392
032003335393
362008635394
322003935395
832008235396
342003535397
320008835398
632003135399
432008335400
302003365401
326008395402
232003325403
382008355404
324003385405
032008315406
362003345407
322008375408
832003305409
832500315410
342000345411
320500375412
632000305413
322500335414
328000365415
432500395416
302000325417
326500355418
232000385419
232020395420
382070325421
324020355422
032070385423
362020315424
322070345425
832020375426
342070305427
320020335428
632070365429
632009375430
322004305431
328009335432
432004365433
302009395434
326004325435
232009355436
382004385437
324009315438
032004345439
032600355440
362100385441
322600315442
832100345443
342600375444
320100305445
632600335446
322100365447
328600395448
432100325449
432030335450
302080365451
326030395452
232080325453
382030355454
324080385455
032030315456
362080345457
322030375458
832080305459
832000315460
342005345461
320000375462
632005305463
322000335464
328005365465
432000395466
302005325467
326000355468
232005385469
232700395470
382200325471
324700355472
032200385473
362700315474
322200345475
832700375476
342200305477
320700335478
632200365479
632040375480
322090305481
328040335482
432090365483
302040395484
326090325485
232040355486
382090385487
324040315488
032090345489
032001355490
362006385491
322001315492
832006345493
342001375494
320006305495
632001335496
322006365497
328001395498
432006325499
232001354500
382006357501
324001350502
032006353503
362001356504
322006359505
832001352506
342006355507
320001358508
632006351509
632800352510
322300355511
328800358512
432300351513
302800354514
326300357515
232800350516
382300353517
324800356518
032300359519
032050350520
362000353521
322050356522
832000359523
342050352524
320000355525
632050358526
322000351527
328050354528
432000357529
432002358530
302007351531
326002354532
232007357533
382002350534
324007353535
032002356536
362007359537
322002352538
832007355539
832900356540
342400359541
320900352542
632400355543
322900358544
328400351545
432900354546
302400357547
326900350548
232400353549
232060354550
382010357551
324060350552
032010353553
362060356554
322010359555
832060352556
342010355557
320060358558
632010351559
632003352560
322008355561
328003358562
432008351563
302003354564
326008357565
232003350566
382008353567
324003356568
032008359569
032000350570
362500353571
322000356572
832500359573
342000352574
320500355575
632000358576
322500351577
328000354578
432500357579
432070358580
302020351581
326070354582
232020357583
382070350584
324020353585
032070356586
362020359587
322070352588
832020355589
832004356590
342009359591
320004352592
632009355593
322004358594
328009351595
432004354596
302009357597
326004350598
232009353599
032004535600
362009835601
322004135602
832009435603
342004735604
320009035605
632004335606
322009635607
328004935608
432009235609
432100335610
302600635611
326100935612
232600235613
382100535614
324600835615
032100135616
362600435617
322100735618
832600035619
832080135620
342030435621
320080735622
632030035623
322080335624
328030635625
432080935626
302030235627
326080535628
232030835629
232005935630
382000235631
324005535632
032000835633
362005135634
322000435635
832005735636
342000035637
320005335638
632000635639
632200735640
322700035641
328200335642
432700635643
302200935644
326700235645
232200535646
382700835647
324200135648
032700435649
032090535650
362040835651
322090135652
832040435653
342090735654
320040035655
632090335656
322040635657
328090935658
432040235659
432006335660
302001635661
326006935662
232001235663
382006535664
324001835665
032006135666
362001435667
322006735668
832001035669
832300135670
342800435671
320300735672
632800035673
322300335674
328800635675
432300935676
302800235677
326300535678
232800835679
232000935680
382050235681
324000535682
032050835683
362000135684
322050435685
832000735686
342050035687
320000335688
632050635689
632007735690
322002035691
328007335692
432002635693
302007935694
326002235695
232007535696
382002835697
324007135698
032002435699
832007365700
342002395701
320007325702
632002355703
322007385704
328002315705
432007345706
302002375707
326007305708
232002335709
232400345710
382900375711
324400305712
032900335713
362400365714
322900395715
832400325716
342900355717
320400385718
632900315719
632010325720
322060355721
328010385722
432060315723
302010345724
326060375725
232010305726
382060335727
324010365728
032060395729
032008305730
362003335731
322008365732
832003395733
342008325734
320003355735
632008385736
322003315737
328008345738
432003375739
432500385740
302000315741
326500345742
232000375743
382500305744
324000335745
032500365746
362000395747
322500325748
832000355749
832020365750
342070395751
320020325752
632070355753
322020385754
328070315755
432020345756
302070375757
326020305758
232070335759
232009345760
382004375761
324009305762
032004335763
362009365764
322004395765
832009325766
342004355767
320009385768
632004315769
632600325770
322100355771
328600385772
432100315773
302600345774
326100375775
232600305776
382100335777
324600365778
032100395779
032030305780
362080335781
322030365782
832080395783
342030325784
320080355785
632030385786
322080315787
328030345788
432080375789
432000385790
302005315791
326000345792
232005375793
382000305794
324005335795
032000365796
362005395797
322000325798
832005355799
632000357800
322005350801
328000353802
432005356803
302000359804
326005352805
232000355806
382005358807
324000351808
032005354809
032700355810
362200358811
322700351812
832200354813
342700357814
320200350815
632700353816
322200356817
328700359818
432200352819
432040353820
302090356821
326040359822
232090352823
382040355824
324090358825
032040351826
362090354827
322040357828
832090350829
832001351830
342006354831
320001357832
632006350833
322001353834
328006356835
432001359836
302006352837
326001355838
232006358839
232800359840
382300352841
324800355842
032300358843
362800351844
322300354845
832800357846
342300350847
320800353848
632300356849
632050357850
322000350851
328050353852
432000356853
302050359854
326000352855
232050355856
382000358857
324050351858
032000354859
032002355860
362007358861
322002351862
832007354863
342002357864
320007350865
632002353866
322007356867
328002359868
432007352869
432900353870
302400356871
326900359872
232400352873
382900355874
324400358875
032900351876
362400354877
322900357878
832400350879
832060351880
342010354881
320060357882
632010350883
322060353884
328010356885
432060359886
302010352887
326060355888
232010358889
232003359890
382008352891
324003355892
032008358893
362003351894
322008354895
832003357896
342008350897
320003353898
632008356899
432003835900
302008135901
326003435902
232008735903
382003035904
324008335905
032003635906
362008935907
322003235908
832008535909
832000635910
342500935911
320000235912
632500535913
322000835914
328500135915
432000435916
302500735917
326000035918
232500335919
232070435920
382020735921
324070035922
032020335923
362070635924
322020935925
832070235926
342020535927
320070835928
632020135929
632004235930
322009535931
328004835932
432009135933
302004435934
326009735935
232004035936
382009335937
324004635938
032009935939
032100035940
362600335941
322100635942
832600935943
342100235944
320600535945
632100835946
322600135947
328100435948
432600735949
432080835950
302030135951
326080435952
232030735953
382080035954
324030335955
032080635956
362030935957
322080235958
832030535959
832005635960
342000935961
320005235962
632000535963
322005835964
328000135965
432005435966
302000735967
326005035968
232000335969
232200435970
382700735971
324200035972
032700335973
362200635974
322700935975
832200235976
342700535977
320200835978
632700135979
632090235980
322040535981
328090835982
432040135983
302090435984
326040735985
232090035986
382040335987
324090635988
032040935989
032006035990
362001335991
322006635992
832001935993
342006235994
320001535995
632006835996
322001135997
328006435998
432001735999
432005536000