322004432001
328009732002
432004032003
302009332004
326004632005
232009932006
382004232007
324009532008
032004832009
032600932010
362100232011
322600532012
832100832013
342600132014
320100432015
632600732016
322100032017
328600332018
432100632019
432030732020
302080032021
326030332022
232080632023
382030932024
324080232025
032030532026
362080832027
322030132028
832080432029
832000532030
342005832031
320000132032
632005432033
322000732034
328005032035
432000332036
302005632037
326000932038
232005232039
232700332040
382200632041
324700932042
032200232043
362700532044
322200832045
832700132046
342200432047
320700732048
632200032049
632040132050
322090432051
328040732052
432090032053
302040332054
326090632055
232040932056
382090232057
324040532058
032090832059
032001932060
362006232061
322001532062
832006832063
342001132064
320006432065
632001732066
322006032067
328001332068
432006632069
432800732070
302300032071
326800332072
232300632073
382800932074
324300232075
032800532076
362300832077
322800132078
832300432079
832050532080
342000832081
320050132082
632000432083
322050732084
328000032085
432050332086
302000632087
326050932088
232000232089
232002332090
382007632091
324002932092
032007232093
362002532094
322007832095
832002132096
342007432097
320002732098
632007032099
432002322100
302007352101
326002382102
232007312103
382002342104
324007372105
032002302106
362007332107
322002362108
832007392109
832900302110
342400332111
320900362112
632400392113
322900322114
328400352115
432900382116
302400312117
326900342118
232400372119
232060382120
382010312121
324060342122
032010372123
362060302124
322010332125
832060362126
342010392127
320060322128
632010352129
632003362130
322008392131
328003322132
432008352133
302003382134
326008312135
232003342136
382008372137
324003302138
032008332139
032000342140
362500372141
322000302142
832500332143
342000362144
320500392145
632000322146
322500352147
328000382148
432500312149
432070322150
302020352151
326070382152
232020312153
382070342154
324020372155
032070302156
362020332157
322070362158
832020392159
832004302160
342009332161
320004362162
632009392163
322004322164
328009352165
432004382166
302009312167
326004342168
232009372169
232100382170
382600312171
324100342172
032600372173
362100302174
322600332175
832100362176
342600392177
320100322178
632600352179
632080362180
322030392181
328080322182
432030352183
302080382184
326030312185
232080342186
382030372187
324080302188
032030332189
032005342190
362000372191
322005302192
832000332193
342005362194
320000392195
632005322196
322000352197
328005382198
432000312199
232005323200
382000326201
324005329202
032000322203
362005325204
322000328205
832005321206
342000324207
320005327208
632000320209
632200321210
322700324211
328200327212
432700320213
302200323214
326700326215
232200329216
382700322217
324200325218
032700328219
032090329220
362040322221
322090325222
832040328223
342090321224
320040324225
632090327226
322040320227
328090323228
432040326229
432006327230
302001320231
326006323232
232001326233
382006329234
324001322235
032006325236
362001328237
322006321238
832001324239
832300325240
342800328241
320300321242
632800324243
322300327244
328800320245
432300323246
302800326247
326300329248
232800322249
232000323250
382050326251
324000329252
032050322253
362000325254
322050328255
832000321256
342050324257
320000327258
632050320259
632007321260
322002324261
328007327262
432002320263
302007323264
326002326265
232007329266
382002322267
324007325268
032002328269
032400329270
362900322271
322400325272
832900328273
342400321274
320900324275
632400327276
322900320277
328400323278
432900326279
432010327280
302060320281
326010323282
232060326283
382010329284
324060322285
032010325286
362060328287
322010321288
832060324289
832008325290
342003328291
320008321292
632003324293
322008327294
328003320295
432008323296
302003326297
326008329298
232003322299
032008432300
362003732301
322008032302
832003332303
342008632304
320003932305
632008232306
322003532307
328008832308
432003132309
432500232310
302000532311
326500832312
232000132313
382500432314
324000732315
032500032316
362000332317
322500632318
832000932319
832020032320
342070332321
320020632322
632070932323
322020232324
328070532325
432020832326
302070132327
326020432328
232070732329
232009832330
382004132331
324009432332
032004732333
362009032334
322004332335
832009632336
342004932337
320009232338
632004532339
632600632340
322100932341
328600232342
432100532343
302600832344
326100132345
232600432346
382100732347
324600032348
032100332349
032030432350
362080732351
322030032352
832080332353
342030632354
320080932355
632030232356
322080532357
328030832358
432080132359
432000232360
302005532361
326000832362
232005132363
382000432364
324005732365
032000032366
362005332367
322000632368
832005932369
832700032370
342200332371
320700632372
632200932373
322700232374
328200532375
432700832376
302200132377
326700432378
232200732379
232040832380
382090132381
324040432382
032090732383
362040032384
322090332385
832040632386
342090932387
320040232388
632090532389
632001632390
322006932391
328001232392
432006532393
302001832394
326006132395
232001432396
382006732397
324001032398
032006332399
832001352400
342006382401
320001312402
632006342403
322001372404
328006302405
432001332406
302006362407
326001392408
232006322409
232800332410
382300362411
324800392412
032300322413
362800352414
322300382415
832800312416
342300342417
320800372418
632300302419
632050312420
322000342421
328050372422
432000302423
302050332424
326000362425
232050392426
382000322427
324050352428
032000382429
032002392430
362007322431
322002352432
832007382433
342002312434
320007342435
632002372436
322007302437
328002332438
432007362439
432900372440
302400302441
326900332442
232400362443
382900392444
324400322445
032900352446
362400382447
322900312448
832400342449
832060352450
342010382451
320060312452
632010342453
322060372454
328010302455
432060332456
302010362457
326060392458
232010322459
232003332460
382008362461
324003392462
032008322463
362003352464
322008382465
832003312466
342008342467
320003372468
632008302469
632000312470
322500342471
328000372472
432500302473
302000332474
326500362475
232000392476
382500322477
324000352478
032500382479
032070392480
362020322481
322070352482
832020382483
342070312484
320020342485
632070372486
322020302487
328070332488
432020362489
432004372490
302009302491
326004332492
232009362493
382004392494
324009322495
032004352496
362009382497
322004312498
832009342499
632004326500
322009329501
328004322502
432009325503
302004328504
326009321505
232004324506
382009327507
324004320508
032009323509
032100324510
362600327511
322100320512
832600323513
342100326514
320600329515
632100322516
322600325517
328100328518
432600321519
432080322520
302030325521
326080328522
232030321523
382080324524
324030327525
032080320526
362030323527
322080326528
832030329529
832005320530
342000323531
320005326532
632000329533
322005322534
328000325535
432005328536
302000321537
326005324538
232000327539
232200328540
382700321541
324200324542
032700327543
362200320544
322700323545
832200326546
342700329547
320200322548
632700325549
632090326550
322040329551
328090322552
432040325553
302090328554
326040321555
232090324556
382040327557
324090320558
032040323559
032006324560
362001327561
322006320562
832001323563
342006326564
320001329565
632006322566
322001325567
328006328568
432001321569
432300322570
302800325571
326300328572
232800321573
382300324574
324800327575
032300320576
362800323577
322300326578
832800329579
832000320580
342050323581
320000326582
632050329583
322000322584
328050325585
432000328586
302050321587
326000324588
232050327589
232007328590
382002321591
324007324592
032002327593
362007320594
322002323595
832007326596
342002329597
320007322598
632002325599
432007732600
302002032601
326007332602
232002632603
382007932604
324002232605
032007532606
362002832607
322007132608
832002432609
832400532610
342900832611
320400132612
632900432613
322400732614
328900032615
432400332616
302900632617
326400932618
232900232619
232010332620
382060632621
324010932622
032060232623
362010532624
322060832625
832010132626
342060432627
320010732628
632060032629
632008132630
322003432631
328008732632
432003032633
302008332634
326003632635
232008932636
382003232637
324008532638
032003832639
032500932640
362000232641
322500532642
832000832643
342500132644
320000432645
632500732646
322000032647
328500332648
432000632649
432020732650
302070032651
326020332652
232070632653
382020932654
324070232655
032020532656
362070832657
322020132658
832070432659
832009532660
342004832661
320009132662
632004432663
322009732664
328004032665
432009332666
302004632667
326009932668
232004232669
232600332670
382100632671
324600932672
032100232673
362600532674
322100832675
832600132676
342100432677
320600732678
632100032679
632030132680
322080432681
328030732682
432080032683
302030332684
326080632685
232030932686
382080232687
324030532688
032080832689
032000932690
362005232691
322000532692
832005832693
342000132694
320005432695
632000732696
322005032697
328000332698
432005632699
232000382700
382005312701
324000342702
032005372703
362000302704
322005332705
832000362706
342005392707
320000322708
632005352709
632700362710
322200392711
328700322712
432200352713
302700382714
326200312715
232700342716
382200372717
324700302718
032200332719
032040342720
362090372721
322040302722
832090332723
342040362724
320090392725
632040322726
322090352727
328040382728
432090312729
432001322730
302006352731
326001382732
232006312733
382001342734
324006372735
032001302736
362006332737
322001362738
832006392739
832800302740
342300332741
320800362742
632300392743
322800322744
328300352745
432800382746
302300312747
326800342748
232300372749
232050382750
382000312751
324050342752
032000372753
362050302754
322000332755
832050362756
342000392757
320050322758
632000352759
632002362760
322007392761
328002322762
432007352763
302002382764
326007312765
232002342766
382007372767
324002302768
032007332769
032900342770
362400372771
322900302772
832400332773
342900362774
320400392775
632900322776
322400352777
328900382778
432400312779
432060322780
302010352781
326060382782
232010312783
382060342784
324010372785
032060302786
362010332787
322060362788
832010392789
832003302790
342008332791
320003362792
632008392793
322003322794
328008352795
432003382796
302008312797
326003342798
232008372799
032003329800
362008322801
322003325802
832008328803
342003321804
320008324805
632003327806
322008320807
328003323808
432008326809
432000327810
302500320811
326000323812
232500326813
382000329814
324500322815
032000325816
362500328817
322000321818
832500324819
832070325820
342020328821
320070321822
632020324823
322070327824
328020320825
432070323826
302020326827
326070329828
232020322829
232004323830
382009326831
324004329832
032009322833
362004325834
322009328835
832004321836
342009324837
320004327838
632009320839
632100321840
322600324841
328100327842
432600320843
302100323844
326600326845
232100329846
382600322847
324100325848
032600328849
032080329850
362030322851
322080325852
832030328853
342080321854
320030324855
632080327856
322030320857
328080323858
432030326859
432005327860
302000320861
326005323862
232000326863
382005329864
324000322865
032005325866
362000328867
322005321868
832000324869
832200325870
342700328871
320200321872
632700324873
322200327874
328700320875
432200323876
302700326877
326200329878
232700322879
232090323880
382040326881
324090329882
032040322883
362090325884
322040328885
832090321886
342040324887
320090327888
632040320889
632006321890
322001324891
328006327892
432001320893
302006323894
326001326895
232006329896
382001322897
324006325898
032001328899
832006032900
342001332901
320006632902
632001932903
322006232904
328001532905
432006832906
302001132907
326006432908
232001732909
232300832910
382800132911
324300432912
032800732913
362300032914
322800332915
832300632916
342800932917
320300232918
632800532919
632000632920
322050932921
328000232922
432050532923
302000832924
326050132925
232000432926
382050732927
324000032928
032050332929
032007432930
362002732931
322007032932
832002332933
342007632934
320002932935
632007232936
322002532937
328007832938
432002132939
432400232940
302900532941
326400832942
232900132943
382400432944
324900732945
032400032946
362900332947
322400632948
832900932949
832010032950
342060332951
320010632952
632060932953
322010232954
328060532955
432010832956
302060132957
326010432958
232060732959
232008832960
382003132961
324008432962
032003732963
362008032964
322003332965
832008632966
342003932967
320008232968
632003532969
632500632970
322000932971
328500232972
432000532973
302500832974
326000132975
232500432976
382000732977
324500032978
032000332979
032020432980
362070732981
322020032982
832070332983
342020632984
320070932985
632020232986
322070532987
328020832988
432070132989
432009232990
302004532991
326009832992
232004132993
382009432994
324004732995
032009032996
362004332997
322009632998
832004932999
832008733000