361840293001
312890296002
831840299003
341890292004
310840295005
631890298006
321840291007
318890294008
431840297009
431806298010
301801291011
316806294012
231801297013
381806290014
314801293015
031806296016
361801299017
312806292018
831801295019
831380296020
341880299021
310380292022
631880295023
321380298024
318880291025
431380294026
301880297027
316380290028
231880293029
231800294030
381850297031
314800290032
031850293033
361800296034
312850299035
831800292036
341850295037
310800298038
631850291039
631807292040
321802295041
318807298042
431802291043
301807294044
316802297045
231807290046
381802293047
314807296048
031802299049
031480290050
361980293051
312480296052
831980299053
341480292054
310980295055
631480298056
321980291057
318480294058
431980297059
431810298060
301860291061
316810294062
231860297063
381810290064
314860293065
031810296066
361860299067
312810292068
831860295069
831808296070
341803299071
310808292072
631803295073
321808298074
318803291075
431808294076
301803297077
316808290078
231803293079
231580294080
381080297081
314580290082
031080293083
361580296084
312080299085
831580292086
341080295087
310580298088
631080291089
631820292090
321870295091
318820298092
431870291093
301820294094
316870297095
231820290096
381870293097
314820296098
031870299099
831820129100
341870429101
310820729102
631870029103
321820329104
318870629105
431820929106
301870229107
316820529108
231870829109
231809929110
381804229111
314809529112
031804829113
361809129114
312804429115
831809729116
341804029117
310809329118
631804629119
631680729120
321180029121
318680329122
431180629123
301680929124
316180229125
231680529126
381180829127
314680129128
031180429129
031830529130
361880829131
312830129132
831880429133
341830729134
310880029135
631830329136
321880629137
318830929138
431880229139
431800329140
301805629141
316800929142
231805229143
381800529144
314805829145
031800129146
361805429147
312800729148
831805029149
831780129150
341280429151
310780729152
631280029153
321780329154
318280629155
431780929156
301280229157
316780529158
231280829159
231840929160
381890229161
314840529162
031890829163
361840129164
312890429165
831840729166
341890029167
310840329168
631890629169
631801729170
321806029171
318801329172
431806629173
301801929174
316806229175
231801529176
381806829177
314801129178
031806429179
031880529180
361380829181
312880129182
831380429183
341880729184
310380029185
631880329186
321380629187
318880929188
431380229189
431850329190
301800629191
316850929192
231800229193
381850529194
314800829195
031850129196
361800429197
312850729198
831800029199
631850229200
321800259201
318850289202
431800219203
301850249204
316800279205
231850209206
381800239207
314850269208
031800299209
031802209210
361807239211
312802269212
831807299213
341802229214
310807259215
631802289216
321807219217
318802249218
431807279219
431980289220
301480219221
316980249222
231480279223
381980209224
314480239225
031980269226
361480299227
312980229228
831480259229
831860269230
341810299231
310860229232
631810259233
321860289234
318810219235
431860249236
301810279237
316860209238
231810239239
231803249240
381808279241
314803209242
031808239243
361803269244
312808299245
831803229246
341808259247
310803289248
631808219249
631080229250
321580259251
318080289252
431580219253
301080249254
316580279255
231080209256
381580239257
314080269258
031580299259
031870209260
361820239261
312870269262
831820299263
341870229264
310820259265
631870289266
321820219267
318870249268
431820279269
431804289270
301809219271
316804249272
231809279273
381804209274
314809239275
031804269276
361809299277
312804229278
831809259279
831180269280
341680299281
310180229282
631680259283
321180289284
318680219285
431180249286
301680279287
316180209288
231680239289
231880249290
381830279291
314880209292
031830239293
361880269294
312830299295
831880229296
341830259297
310880289298
631830219299
431880293300
301830296301
316880299302
231830292303
381880295304
314830298305
031880291306
361830294307
312880297308
831830290309
831805291310
341800294311
310805297312
631800290313
321805293314
318800296315
431805299316
301800292317
316805295318
231800298319
231280299320
381780292321
314280295322
031780298323
361280291324
312780294325
831280297326
341780290327
310280293328
631780296329
631890297330
321840290331
318890293332
431840296333
301890299334
316840292335
231890295336
381840298337
314890291338
031840294339
031806295340
361801298341
312806291342
831801294343
341806297344
310801290345
631806293346
321801296347
318806299348
431801292349
431380293350
301880296351
316380299352
231880292353
381380295354
314880298355
031380291356
361880294357
312380297358
831880290359
831800291360
341850294361
310800297362
631850290363
321800293364
318850296365
431800299366
301850292367
316800295368
231850298369
231807299370
381802292371
314807295372
031802298373
361807291374
312802294375
831807297376
341802290377
310807293378
631802296379
631480297380
321980290381
318480293382
431980296383
301480299384
316980292385
231480295386
381980298387
314480291388
031980294389
031810295390
361860298391
312810291392
831860294393
341810297394
310860290395
631810293396
321860296397
318810299398
431860292399
231810429400
381860729401
314810029402
031860329403
361810629404
312860929405
831810229406
341860529407
310810829408
631860129409
631808229410
321803529411
318808829412
431803129413
301808429414
316803729415
231808029416
381803329417
314808629418
031803929419
031580029420
361080329421
312580629422
831080929423
341580229424
310080529425
631580829426
321080129427
318580429428
431080729429
431820829430
301870129431
316820429432
231870729433
381820029434
314870329435
031820629436
361870929437
312820229438
831870529439
831809629440
341804929441
310809229442
631804529443
321809829444
318804129445
431809429446
301804729447
316809029448
231804329449
231680429450
381180729451
314680029452
031180329453
361680629454
312180929455
831680229456
341180529457
310680829458
631180129459
631830229460
321880529461
318830829462
431880129463
301830429464
316880729465
231830029466
381880329467
314830629468
031880929469
031800029470
361805329471
312800629472
831805929473
341800229474
310805529475
631800829476
321805129477
318800429478
431805729479
431780829480
301280129481
316780429482
231280729483
381780029484
314280329485
031780629486
361280929487
312780229488
831280529489
831840629490
341890929491
310840229492
631890529493
321840829494
318890129495
431840429496
301890729497
316840029498
231890329499
031840259500
361890289501
312840219502
831890249503
341840279504
310890209505
631840239506
321890269507
318840299508
431890229509
431801239510
301806269511
316801299512
231806229513
381801259514
314806289515
031801219516
361806249517
312801279518
831806209519
831880219520
341380249521
310880279522
631380209523
321880239524
318380269525
431880299526
301380229527
316880259528
231380289529
231850299530
381800229531
314850259532
031800289533
361850219534
312800249535
831850279536
341800209537
310850239538
631800269539
631802279540
321807209541
318802239542
431807269543
301802299544
316807229545
231802259546
381807289547
314802219548
031807249549
031980259550
361480289551
312980219552
831480249553
341980279554
310480209555
631980239556
321480269557
318980299558
431480229559
431860239560
301810269561
316860299562
231810229563
381860259564
314810289565
031860219566
361810249567
312860279568
831810209569
831803219570
341808249571
310803279572
631808209573
321803239574
318808269575
431803299576
301808229577
316803259578
231808289579
231080299580
381580229581
314080259582
031580289583
361080219584
312580249585
831080279586
341580209587
310080239588
631580269589
631870279590
321820209591
318870239592
431820269593
301870299594
316820229595
231870259596
381820289597
314870219598
031820249599
831870296600
341820299601
310870292602
631820295603
321870298604
318820291605
431870294606
301820297607
316870290608
231820293609
231804294610
381809297611
314804290612
031809293613
361804296614
312809299615
831804292616
341809295617
310804298618
631809291619
631180292620
321680295621
318180298622
431680291623
301180294624
316680297625
231180290626
381680293627
314180296628
031680299629
031880290630
361830293631
312880296632
831830299633
341880292634
310830295635
631880298636
321830291637
318880294638
431830297639
431805298640
301800291641
316805294642
231800297643
381805290644
314800293645
031805296646
361800299647
312805292648
831800295649
831280296650
341780299651
310280292652
631780295653
321280298654
318780291655
431280294656
301780297657
316280290658
231780293659
231890294660
381840297661
314890290662
031840293663
361890296664
312840299665
831890292666
341840295667
310890298668
631840291669
631806292670
321801295671
318806298672
431801291673
301806294674
316801297675
231806290676
381801293677
314806296678
031801299679
031380290680
361880293681
312380296682
831880299683
341380292684
310880295685
631380298686
321880291687
318380294688
431880297689
431800298690
301850291691
316800294692
231850297693
381800290694
314850293695
031800296696
361850299697
312800292698
831850295699
631800729700
321850029701
318800329702
431850629703
301800929704
316850229705
231800529706
381850829707
314800129708
031850429709
031807529710
361802829711
312807129712
831802429713
341807729714
310802029715
631807329716
321802629717
318807929718
431802229719
431480329720
301980629721
316480929722
231980229723
381480529724
314980829725
031480129726
361980429727
312480729728
831980029729
831810129730
341860429731
310810729732
631860029733
321810329734
318860629735
431810929736
301860229737
316810529738
231860829739
231808929740
381803229741
314808529742
031803829743
361808129744
312803429745
831808729746
341803029747
310808329748
631803629749
631580729750
321080029751
318580329752
431080629753
301580929754
316080229755
231580529756
381080829757
314580129758
031080429759
031820529760
361870829761
312820129762
831870429763
341820729764
310870029765
631820329766
321870629767
318820929768
431870229769
431809329770
301804629771
316809929772
231804229773
381809529774
314804829775
031809129776
361804429777
312809729778
831804029779
831680129780
341180429781
310680729782
631180029783
321680329784
318180629785
431680929786
301180229787
316680529788
231180829789
231830929790
381880229791
314830529792
031880829793
361830129794
312880429795
831830729796
341880029797
310830329798
631880629799
431830289800
301880219801
316830249802
231880279803
381830209804
314880239805
031830269806
361880299807
312830229808
831880259809
831800269810
341805299811
310800229812
631805259813
321800289814
318805219815
431800249816
301805279817
316800209818
231805239819
231780249820
381280279821
314780209822
031280239823
361780269824
312280299825
831780229826
341280259827
310780289828
631280219829
631840229830
321890259831
318840289832
431890219833
301840249834
316890279835
231840209836
381890239837
314840269838
031890299839
031801209840
361806239841
312801269842
831806299843
341801229844
310806259845
631801289846
321806219847
318801249848
431806279849
431880289850
301380219851
316880249852
231380279853
381880209854
314380239855
031880269856
361380299857
312880229858
831380259859
831850269860
341800299861
310850229862
631800259863
321850289864
318800219865
431850249866
301800279867
316850209868
231800239869
231802249870
381807279871
314802209872
031807239873
361802269874
312807299875
831802229876
341807259877
310802289878
631807219879
631980229880
321480259881
318980289882
431480219883
301980249884
316480279885
231980209886
381480239887
314980269888
031480299889
031860209890
361810239891
312860269892
831810299893
341860229894
310810259895
631860289896
321810219897
318860249898
431810279899
231860299900
381810292901
314860295902
031810298903
361860291904
312810294905
831860297906
341810290907
310860293908
631810296909
631803297910
321808290911
318803293912
431808296913
301803299914
316808292915
231803295916
381808298917
314803291918
031808294919
031080295920
361580298921
312080291922
831580294923
341080297924
310580290925
631080293926
321580296927
318080299928
431580292929
431870293930
301820296931
316870299932
231820292933
381870295934
314820298935
031870291936
361820294937
312870297938
831820290939
831804291940
341809294941
310804297942
631809290943
321804293944
318809296945
431804299946
301809292947
316804295948
231809298949
231180299950
381680292951
314180295952
031680298953
361180291954
312680294955
831180297956
341680290957
310180293958
631680296959
631880297960
321830290961
318880293962
431830296963
301880299964
316830292965
231880295966
381830298967
314880291968
031830294969
031805295970
361800298971
312805291972
831800294973
341805297974
310800290975
631805293976
321800296977
318805299978
431800292979
431280293980
301780296981
316280299982
231780292983
381280295984
314780298985
031280291986
361780294987
312280297988
831780290989
831890291990
341840294991
310890297992
631840290993
321890293994
318840296995
431890299996
301840292997
316890295998
231840298999
731890300000