311830199001
317880192002
331830195003
391880198004
315830191005
131880194006
371830197007
313880190008
931830193009
931805194010
351800197011
311805190012
731800193013
331805196014
319800199015
531805192016
311800195017
317805198018
331800191019
331280192020
391780195021
315280198022
131780191023
371280194024
313780197025
931280190026
351780193027
311280196028
731780199029
731890190030
331840193031
319890196032
531840199033
311890192034
317840195035
331890198036
391840191037
315890194038
131840197039
131806198040
371801191041
313806194042
931801197043
351806190044
311801193045
731806196046
331801199047
319806192048
531801195049
531380196050
311880199051
317380192052
331880195053
391380198054
315880191055
131380194056
371880197057
313380190058
931880193059
931800194060
351850197061
311800190062
731850193063
331800196064
319850199065
531800192066
311850195067
317800198068
331850191069
331807192070
391802195071
315807198072
131802191073
371807194074
313802197075
931807190076
351802193077
311807196078
731802199079
731480190080
331980193081
319480196082
531980199083
311480192084
317980195085
331480198086
391980191087
315480194088
131980197089
131810198090
371860191091
313810194092
931860197093
351810190094
311860193095
731810196096
331860199097
319810192098
531860195099
331810719100
391860019101
315810319102
131860619103
371810919104
313860219105
931810519106
351860819107
311810119108
731860419109
731808519110
331803819111
319808119112
531803419113
311808719114
317803019115
331808319116
391803619117
315808919118
131803219119
131580319120
371080619121
313580919122
931080219123
351580519124
311080819125
731580119126
331080419127
319580719128
531080019129
531820119130
311870419131
317820719132
331870019133
391820319134
315870619135
131820919136
371870219137
313820519138
931870819139
931809919140
351804219141
311809519142
731804819143
331809119144
319804419145
531809719146
311804019147
317809319148
331804619149
331680719150
391180019151
315680319152
131180619153
371680919154
313180219155
931680519156
351180819157
311680119158
731180419159
731830519160
331880819161
319830119162
531880419163
311830719164
317880019165
331830319166
391880619167
315830919168
131880219169
131800319170
371805619171
313800919172
931805219173
351800519174
311805819175
731800119176
331805419177
319800719178
531805019179
531780119180
311280419181
317780719182
331280019183
391780319184
315280619185
131780919186
371280219187
313780519188
931280819189
931840919190
351890219191
311840519192
731890819193
331840119194
319890419195
531840719196
311890019197
317840319198
331890619199
131840189200
371890119201
313840149202
931890179203
351840109204
311890139205
731840169206
331890199207
319840129208
531890159209
531801169210
311806199211
317801129212
331806159213
391801189214
315806119215
131801149216
371806179217
313801109218
931806139219
931880149220
351380179221
311880109222
731380139223
331880169224
319380199225
531880129226
311380159227
317880189228
331380119229
331850129230
391800159231
315850189232
131800119233
371850149234
313800179235
931850109236
351800139237
311850169238
731800199239
731802109240
331807139241
319802169242
531807199243
311802129244
317807159245
331802189246
391807119247
315802149248
131807179249
131980189250
371480119251
313980149252
931480179253
351980109254
311480139255
731980169256
331480199257
319980129258
531480159259
531860169260
311810199261
317860129262
331810159263
391860189264
315810119265
131860149266
371810179267
313860109268
931810139269
931803149270
351808179271
311803109272
731808139273
331803169274
319808199275
531803129276
311808159277
317803189278
331808119279
331080129280
391580159281
315080189282
131580119283
371080149284
313580179285
931080109286
351580139287
311080169288
731580199289
731870109290
331820139291
319870169292
531820199293
311870129294
317820159295
331870189296
391820119297
315870149298
131820179299
931870199300
351820192301
311870195302
731820198303
331870191304
319820194305
531870197306
311820190307
317870193308
331820196309
331804197310
391809190311
315804193312
131809196313
371804199314
313809192315
931804195316
351809198317
311804191318
731809194319
731180195320
331680198321
319180191322
531680194323
311180197324
317680190325
331180193326
391680196327
315180199328
131680192329
131880193330
371830196331
313880199332
931830192333
351880195334
311830198335
731880191336
331830194337
319880197338
531830190339
531805191340
311800194341
317805197342
331800190343
391805193344
315800196345
131805199346
371800192347
313805195348
931800198349
931280199350
351780192351
311280195352
731780198353
331280191354
319780194355
531280197356
311780190357
317280193358
331780196359
331890197360
391840190361
315890193362
131840196363
371890199364
313840192365
931890195366
351840198367
311890191368
731840194369
731806195370
331801198371
319806191372
531801194373
311806197374
317801190375
331806193376
391801196377
315806199378
131801192379
131380193380
371880196381
313380199382
931880192383
351380195384
311880198385
731380191386
331880194387
319380197388
531880190389
531800191390
311850194391
317800197392
331850190393
391800193394
315850196395
131800199396
371850192397
313800195398
931850198399
731800019400
331850319401
319800619402
531850919403
311800219404
317850519405
331800819406
391850119407
315800419408
131850719409
131807819410
371802119411
313807419412
931802719413
351807019414
311802319415
731807619416
331802919417
319807219418
531802519419
531480619420
311980919421
317480219422
331980519423
391480819424
315980119425
131480419426
371980719427
313480019428
931980319429
931810419430
351860719431
311810019432
731860319433
331810619434
319860919435
531810219436
311860519437
317810819438
331860119439
331808219440
391803519441
315808819442
131803119443
371808419444
313803719445
931808019446
351803319447
311808619448
731803919449
731580019450
331080319451
319580619452
531080919453
311580219454
317080519455
331580819456
391080119457
315580419458
131080719459
131820819460
371870119461
313820419462
931870719463
351820019464
311870319465
731820619466
331870919467
319820219468
531870519469
531809619470
311804919471
317809219472
331804519473
391809819474
315804119475
131809419476
371804719477
313809019478
931804319479
931680419480
351180719481
311680019482
731180319483
331680619484
319180919485
531680219486
311180519487
317680819488
331180119489
331830219490
391880519491
315830819492
131880119493
371830419494
313880719495
931830019496
351880319497
311830619498
731880919499
531830119500
311880149501
317830179502
331880109503
391830139504
315880169505
131830199506
371880129507
313830159508
931880189509
931800199510
351805129511
311800159512
731805189513
331800119514
319805149515
531800179516
311805109517
317800139518
331805169519
331780179520
391280109521
315780139522
131280169523
371780199524
313280129525
931780159526
351280189527
311780119528
731280149529
731840159530
331890189531
319840119532
531890149533
311840179534
317890109535
331840139536
391890169537
315840199538
131890129539
131801139540
371806169541
313801199542
931806129543
351801159544
311806189545
731801119546
331806149547
319801179548
531806109549
531880119550
311380149551
317880179552
331380109553
391880139554
315380169555
131880199556
371380129557
313880159558
931380189559
931850199560
351800129561
311850159562
731800189563
331850119564
319800149565
531850179566
311800109567
317850139568
331800169569
331802179570
391807109571
315802139572
131807169573
371802199574
313807129575
931802159576
351807189577
311802119578
731807149579
731980159580
331480189581
319980119582
531480149583
311980179584
317480109585
331980139586
391480169587
315980199588
131480129589
131860139590
371810169591
313860199592
931810129593
351860159594
311810189595
731860119596
331810149597
319860179598
531810109599
331860192600
391810195601
315860198602
131810191603
371860194604
313810197605
931860190606
351810193607
311860196608
731810199609
731803190610
331808193611
319803196612
531808199613
311803192614
317808195615
331803198616
391808191617
315803194618
131808197619
131080198620
371580191621
313080194622
931580197623
351080190624
311580193625
731080196626
331580199627
319080192628
531580195629
531870196630
311820199631
317870192632
331820195633
391870198634
315820191635
131870194636
371820197637
313870190638
931820193639
931804194640
351809197641
311804190642
731809193643
331804196644
319809199645
531804192646
311809195647
317804198648
331809191649
331180192650
391680195651
315180198652
131680191653
371180194654
313680197655
931180190656
351680193657
311180196658
731680199659
731880190660
331830193661
319880196662
531830199663
311880192664
317830195665
331880198666
391830191667
315880194668
131830197669
131805198670
371800191671
313805194672
931800197673
351805190674
311800193675
731805196676
331800199677
319805192678
531800195679
531280196680
311780199681
317280192682
331780195683
391280198684
315780191685
131280194686
371780197687
313280190688
931780193689
931890194690
351840197691
311890190692
731840193693
331890196694
319840199695
531890192696
311840195697
317890198698
331840191699
131890319700
371840619701
313890919702
931840219703
351890519704
311840819705
731890119706
331840419707
319890719708
531840019709
531806119710
311801419711
317806719712
331801019713
391806319714
315801619715
131806919716
371801219717
313806519718
931801819719
931380919720
351880219721
311380519722
731880819723
331380119724
319880419725
531380719726
311880019727
317380319728
331880619729
331800719730
391850019731
315800319732
131850619733
371800919734
313850219735
931800519736
351850819737
311800119738
731850419739
731807519740
331802819741
319807119742
531802419743
311807719744
317802019745
331807319746
391802619747
315807919748
131802219749
131480319750
371980619751
313480919752
931980219753
351480519754
311980819755
731480119756
331980419757
319480719758
531980019759
531810119760
311860419761
317810719762
331860019763
391810319764
315860619765
131810919766
371860219767
313810519768
931860819769
931808919770
351803219771
311808519772
731803819773
331808119774
319803419775
531808719776
311803019777
317808319778
331803619779
331580719780
391080019781
315580319782
131080619783
371580919784
313080219785
931580519786
351080819787
311580119788
731080419789
731820519790
331870819791
319820119792
531870419793
311820719794
317870019795
331820319796
391870619797
315820919798
131870219799
931820149800
351870179801
311820109802
731870139803
331820169804
319870199805
531820129806
311870159807
317820189808
331870119809
331809129810
391804159811
315809189812
131804119813
371809149814
313804179815
931809109816
351804139817
311809169818
731804199819
731680109820
331180139821
319680169822
531180199823
311680129824
317180159825
331680189826
391180119827
315680149828
131180179829
131830189830
371880119831
313830149832
931880179833
351830109834
311880139835
731830169836
331880199837
319830129838
531880159839
531800169840
311805199841
317800129842
331805159843
391800189844
315805119845
131800149846
371805179847
313800109848
931805139849
931780149850
351280179851
311780109852
731280139853
331780169854
319280199855
531780129856
311280159857
317780189858
331280119859
331840129860
391890159861
315840189862
131890119863
371840149864
313890179865
931840109866
351890139867
311840169868
731890199869
731801109870
331806139871
319801169872
531806199873
311801129874
317806159875
331801189876
391806119877
315801149878
131806179879
131880189880
371380119881
313880149882
931380179883
351880109884
311380139885
731880169886
331380199887
319880129888
531380159889
531850169890
311800199891
317850129892
331800159893
391850189894
315800119895
131850149896
371800179897
313850109898
931800139899
731850195900
331800198901
319850191902
531800194903
311850197904
317800190905
331850193906
391800196907
315850199908
131800192909
131802193910
371807196911
313802199912
931807192913
351802195914
311807198915
731802191916
331807194917
319802197918
531807190919
531980191920
311480194921
317980197922
331480190923
391980193924
315480196925
131980199926
371480192927
313980195928
931480198929
931860199930
351810192931
311860195932
731810198933
331860191934
319810194935
531860197936
311810190937
317860193938
331810196939
331803197940
391808190941
315803193942
131808196943
371803199944
313808192945
931803195946
351808198947
311803191948
731808194949
731080195950
331580198951
319080191952
531580194953
311080197954
317580190955
331080193956
391580196957
315080199958
131580192959
131870193960
371820196961
313870199962
931820192963
351870195964
311820198965
731870191966
331820194967
319870197968
531820190969
531804191970
311809194971
317804197972
331809190973
391804193974
315809196975
131804199976
371809192977
313804195978
931809198979
931180199980
351680192981
311180195982
731680198983
331180191984
319680194985
531180197986
311680190987
317180193988
331680196989
331880197990
391830190991
315880193992
131830196993
371880199994
313830192995
931880195996
351830198997
311880191998
731830194999
231880206000