352006241001
321001541002
732006841003
332001141004
329006441005
532001741006
312006041007
327001341008
332006641009
332800741010
392300041011
325800341012
132300641013
372800941014
323300241015
932800541016
352300841017
321800141018
732300441019
732050541020
332000841021
329050141022
532000441023
312050741024
327000041025
332050341026
392000641027
325050941028
132000241029
132002341030
372007641031
323002941032
932007241033
352002541034
321007841035
732002141036
332007441037
329002741038
532007041039
532900141040
312400441041
327900741042
332400041043
392900341044
325400641045
132900941046
372400241047
323900541048
932400841049
932060941050
352010241051
321060541052
732010841053
332060141054
329010441055
532060741056
312010041057
327060341058
332010641059
332003741060
392008041061
325003341062
132008641063
372003941064
323008241065
932003541066
352008841067
321003141068
732008441069
732000541070
332500841071
329000141072
532500441073
312000741074
327500041075
332000341076
392500641077
325000941078
132500241079
132070341080
372020641081
323070941082
932020241083
352070541084
321020841085
732070141086
332020441087
329070741088
532020041089
532004141090
312009441091
327004741092
332009041093
392004341094
325009641095
132004941096
372009241097
323004541098
932009841099
732004401100
332009431101
329004461102
532009491103
312004421104
327009451105
332004481106
392009411107
325004441108
132009471109
132100481110
372600411111
323100441112
932600471113
352100401114
321600431115
732100461116
332600491117
329100421118
532600451119
532080461120
312030491121
327080421122
332030451123
392080481124
325030411125
132080441126
372030471127
323080401128
932030431129
932005441130
352000471131
321005401132
732000431133
332005461134
329000491135
532005421136
312000451137
327005481138
332000411139
332200421140
392700451141
325200481142
132700411143
372200441144
323700471145
932200401146
352700431147
321200461148
732700491149
732090401150
332040431151
329090461152
532040491153
312090421154
327040451155
332090481156
392040411157
325090441158
132040471159
132006481160
372001411161
323006441162
932001471163
352006401164
321001431165
732006461166
332001491167
329006421168
532001451169
532300461170
312800491171
327300421172
332800451173
392300481174
325800411175
132300441176
372800471177
323300401178
932800431179
932000441180
352050471181
321000401182
732050431183
332000461184
329050491185
532000421186
312050451187
327000481188
332050411189
332007421190
392002451191
325007481192
132002411193
372007441194
323002471195
932007401196
352002431197
321007461198
732002491199
532007411200
312002414201
327007417202
332002410203
392007413204
325002416205
132007419206
372002412207
323007415208
932002418209
932400419210
352900412211
321400415212
732900418213
332400411214
329900414215
532400417216
312900410217
327400413218
332900416219
332010417220
392060410221
325010413222
132060416223
372010419224
323060412225
932010415226
352060418227
321010411228
732060414229
732008415230
332003418231
329008411232
532003414233
312008417234
327003410235
332008413236
392003416237
325008419238
132003412239
132500413240
372000416241
323500419242
932000412243
352500415244
321000418245
732500411246
332000414247
329500417248
532000410249
532020411250
312070414251
327020417252
332070410253
392020413254
325070416255
132020419256
372070412257
323020415258
932070418259
932009419260
352004412261
321009415262
732004418263
332009411264
329004414265
532009417266
312004410267
327009413268
332004416269
332600417270
392100410271
325600413272
132100416273
372600419274
323100412275
932600415276
352100418277
321600411278
732100414279
732030415280
332080418281
329030411282
532080414283
312030417284
327080410285
332030413286
392080416287
325030419288
132080412289
132000413290
372005416291
323000419292
932005412293
352000415294
321005418295
732000411296
332005414297
329000417298
532005410299
332000241300
392005541301
325000841302
132005141303
372000441304
323005741305
932000041306
352005341307
321000641308
732005941309
732700041310
332200341311
329700641312
532200941313
312700241314
327200541315
332700841316
392200141317
325700441318
132200741319
132040841320
372090141321
323040441322
932090741323
352040041324
321090341325
732040641326
332090941327
329040241328
532090541329
532001641330
312006941331
327001241332
332006541333
392001841334
325006141335
132001441336
372006741337
323001041338
932006341339
932800441340
352300741341
321800041342
732300341343
332800641344
329300941345
532800241346
312300541347
327800841348
332300141349
332050241350
392000541351
325050841352
132000141353
372050441354
323000741355
932050041356
352000341357
321050641358
732000941359
732002041360
332007341361
329002641362
532007941363
312002241364
327007541365
332002841366
392007141367
325002441368
132007741369
132900841370
372400141371
323900441372
932400741373
352900041374
321400341375
732900641376
332400941377
329900241378
532400541379
532060641380
312010941381
327060241382
332010541383
392060841384
325010141385
132060441386
372010741387
323060041388
932010341389
932003441390
352008741391
321003041392
732008341393
332003641394
329008941395
532003241396
312008541397
327003841398
332008141399
132003431400
372008461401
323003491402
932008421403
352003451404
321008481405
732003411406
332008441407
329003471408
532008401409
532000411410
312500441411
327000471412
332500401413
392000431414
325500461415
132000491416
372500421417
323000451418
932500481419
932070491420
352020421421
321070451422
732020481423
332070411424
329020441425
532070471426
312020401427
327070431428
332020461429
332004471430
392009401431
325004431432
132009461433
372004491434
323009421435
932004451436
352009481437
321004411438
732009441439
732100451440
332600481441
329100411442
532600441443
312100471444
327600401445
332100431446
392600461447
325100491448
132600421449
132080431450
372030461451
323080491452
932030421453
352080451454
321030481455
732080411456
332030441457
329080471458
532030401459
532005411460
312000441461
327005471462
332000401463
392005431464
325000461465
132005491466
372000421467
323005451468
932000481469
932200491470
352700421471
321200451472
732700481473
332200411474
329700441475
532200471476
312700401477
327200431478
332700461479
332090471480
392040401481
325090431482
132040461483
372090491484
323040421485
932090451486
352040481487
321090411488
732040441489
732006451490
332001481491
329006411492
532001441493
312006471494
327001401495
332006431496
392001461497
325006491498
132001421499
932006414500
352001417501
321006410502
732001413503
332006416504
329001419505
532006412506
312001415507
327006418508
332001411509
332300412510
392800415511
325300418512
132800411513
372300414514
323800417515
932300410516
352800413517
321300416518
732800419519
732000410520
332050413521
329000416522
532050419523
312000412524
327050415525
332000418526
392050411527
325000414528
132050417529
132007418530
372002411531
323007414532
932002417533
352007410534
321002413535
732007416536
332002419537
329007412538
532002415539
532400416540
312900419541
327400412542
332900415543
392400418544
325900411545
132400414546
372900417547
323400410548
932900413549
932010414550
352060417551
321010410552
732060413553
332010416554
329060419555
532010412556
312060415557
327010418558
332060411559
332008412560
392003415561
325008418562
132003411563
372008414564
323003417565
932008410566
352003413567
321008416568
732003419569
732500410570
332000413571
329500416572
532000419573
312500412574
327000415575
332500418576
392000411577
325500414578
132000417579
132020418580
372070411581
323020414582
932070417583
352020410584
321070413585
732020416586
332070419587
329020412588
532070415589
532009416590
312004419591
327009412592
332004415593
392009418594
325004411595
132009414596
372004417597
323009410598
932004413599
732009541600
332004841601
329009141602
532004441603
312009741604
327004041605
332009341606
392004641607
325009941608
132004241609
132600341610
372100641611
323600941612
932100241613
352600541614
321100841615
732600141616
332100441617
329600741618
532100041619
532030141620
312080441621
327030741622
332080041623
392030341624
325080641625
132030941626
372080241627
323030541628
932080841629
932000941630
352005241631
321000541632
732005841633
332000141634
329005441635
532000741636
312005041637
327000341638
332005641639
332700741640
392200041641
325700341642
132200641643
372700941644
323200241645
932700541646
352200841647
321700141648
732200441649
732040541650
332090841651
329040141652
532090441653
312040741654
327090041655
332040341656
392090641657
325040941658
132090241659
132001341660
372006641661
323001941662
932006241663
352001541664
321006841665
732001141666
332006441667
329001741668
532006041669
532800141670
312300441671
327800741672
332300041673
392800341674
325300641675
132800941676
372300241677
323800541678
932300841679
932050941680
352000241681
321050541682
732000841683
332050141684
329000441685
532050741686
312000041687
327050341688
332000641689
332002741690
392007041691
325002341692
132007641693
372002941694
323007241695
932002541696
352007841697
321002141698
732007441699
532002461700
312007491701
327002421702
332007451703
392002481704
325007411705
132002441706
372007471707
323002401708
932007431709
932900441710
352400471711
321900401712
732400431713
332900461714
329400491715
532900421716
312400451717
327900481718
332400411719
332060421720
392010451721
325060481722
132010411723
372060441724
323010471725
932060401726
352010431727
321060461728
732010491729
732003401730
332008431731
329003461732
532008491733
312003421734
327008451735
332003481736
392008411737
325003441738
132008471739
132000481740
372500411741
323000441742
932500471743
352000401744
321500431745
732000461746
332500491747
329000421748
532500451749
532070461750
312020491751
327070421752
332020451753
392070481754
325020411755
132070441756
372020471757
323070401758
932020431759
932004441760
352009471761
321004401762
732009431763
332004461764
329009491765
532004421766
312009451767
327004481768
332009411769
332100421770
392600451771
325100481772
132600411773
372100441774
323600471775
932100401776
352600431777
321100461778
732600491779
732080401780
332030431781
329080461782
532030491783
312080421784
327030451785
332080481786
392030411787
325080441788
132030471789
132005481790
372000411791
323005441792
932000471793
352005401794
321000431795
732005461796
332000491797
329005421798
532000451799
332005417800
392000410801
325005413802
132000416803
372005419804
323000412805
932005415806
352000418807
321005411808
732000414809
732200415810
332700418811
329200411812
532700414813
312200417814
327700410815
332200413816
392700416817
325200419818
132700412819
132090413820
372040416821
323090419822
932040412823
352090415824
321040418825
732090411826
332040414827
329090417828
532040410829
532006411830
312001414831
327006417832
332001410833
392006413834
325001416835
132006419836
372001412837
323006415838
932001418839
932300419840
352800412841
321300415842
732800418843
332300411844
329800414845
532300417846
312800410847
327300413848
332800416849
332000417850
392050410851
325000413852
132050416853
372000419854
323050412855
932000415856
352050418857
321000411858
732050414859
732007415860
332002418861
329007411862
532002414863
312007417864
327002410865
332007413866
392002416867
325007419868
132002412869
132400413870
372900416871
323400419872
932900412873
352400415874
321900418875
732400411876
332900414877
329400417878
532900410879
532010411880
312060414881
327010417882
332060410883
392010413884
325060416885
132010419886
372060412887
323010415888
932060418889
932008419890
352003412891
321008415892
732003418893
332008411894
329003414895
532008417896
312003410897
327008413898
332003416899
132008841900
372003141901
323008441902
932003741903
352008041904
321003341905
732008641906
332003941907
329008241908
532003541909
532500641910
312000941911
327500241912
332000541913
392500841914
325000141915
132500441916
372000741917
323500041918
932000341919
932020441920
352070741921
321020041922
732070341923
332020641924
329070941925
532020241926
312070541927
327020841928
332070141929
332009241930
392004541931
325009841932
132004141933
372009441934
323004741935
932009041936
352004341937
321009641938
732004941939
732600041940
332100341941
329600641942
532100941943
312600241944
327100541945
332600841946
392100141947
325600441948
132100741949
132030841950
372080141951
323030441952
932080741953
352030041954
321080341955
732030641956
332080941957
329030241958
532080541959
532000641960
312005941961
327000241962
332005541963
392000841964
325005141965
132000441966
372005741967
323000041968
932005341969
932700441970
352200741971
321700041972
732200341973
332700641974
329200941975
532700241976
312200541977
327700841978
332200141979
332040241980
392090541981
325040841982
132090141983
372040441984
323090741985
932040041986
352090341987
321040641988
732090941989
732001041990
332006341991
329001641992
532006941993
312001241994
327006541995
332001841996
392006141997
325001441998
132006741999
132000542000