362005819001
322000119002
832005419003
342000719004
320005019005
632000319006
322005619007
328000919008
432005219009
432700319010
302200619011
326700919012
232200219013
382700519014
324200819015
032700119016
362200419017
322700719018
832200019019
832040119020
342090419021
320040719022
632090019023
322040319024
328090619025
432040919026
302090219027
326040519028
232090819029
232001919030
382006219031
324001519032
032006819033
362001119034
322006419035
832001719036
342006019037
320001319038
632006619039
632800719040
322300019041
328800319042
432300619043
302800919044
326300219045
232800519046
382300819047
324800119048
032300419049
032050519050
362000819051
322050119052
832000419053
342050719054
320000019055
632050319056
322000619057
328050919058
432000219059
432002319060
302007619061
326002919062
232007219063
382002519064
324007819065
032002119066
362007419067
322002719068
832007019069
832900119070
342400419071
320900719072
632400019073
322900319074
328400619075
432900919076
302400219077
326900519078
232400819079
232060919080
382010219081
324060519082
032010819083
362060119084
322010419085
832060719086
342010019087
320060319088
632010619089
632003719090
322008019091
328003319092
432008619093
302003919094
326008219095
232003519096
382008819097
324003119098
032008419099
832003169100
342008199101
320003129102
632008159103
322003189104
328008119105
432003149106
302008179107
326003109108
232008139109
232000149110
382500179111
324000109112
032500139113
362000169114
322500199115
832000129116
342500159117
320000189118
632500119119
632070129120
322020159121
328070189122
432020119123
302070149124
326020179125
232070109126
382020139127
324070169128
032020199129
032004109130
362009139131
322004169132
832009199133
342004129134
320009159135
632004189136
322009119137
328004149138
432009179139
432100189140
302600119141
326100149142
232600179143
382100109144
324600139145
032100169146
362600199147
322100129148
832600159149
832080169150
342030199151
320080129152
632030159153
322080189154
328030119155
432080149156
302030179157
326080109158
232030139159
232005149160
382000179161
324005109162
032000139163
362005169164
322000199165
832005129166
342000159167
320005189168
632000119169
632200129170
322700159171
328200189172
432700119173
302200149174
326700179175
232200109176
382700139177
324200169178
032700199179
032090109180
362040139181
322090169182
832040199183
342090129184
320040159185
632090189186
322040119187
328090149188
432040179189
432006189190
302001119191
326006149192
232001179193
382006109194
324001139195
032006169196
362001199197
322006129198
832001159199
632006197200
322001190201
328006193202
432001196203
302006199204
326001192205
232006195206
382001198207
324006191208
032001194209
032300195210
362800198211
322300191212
832800194213
342300197214
320800190215
632300193216
322800196217
328300199218
432800192219
432000193220
302050196221
326000199222
232050192223
382000195224
324050198225
032000191226
362050194227
322000197228
832050190229
832007191230
342002194231
320007197232
632002190233
322007193234
328002196235
432007199236
302002192237
326007195238
232002198239
232400199240
382900192241
324400195242
032900198243
362400191244
322900194245
832400197246
342900190247
320400193248
632900196249
632010197250
322060190251
328010193252
432060196253
302010199254
326060192255
232010195256
382060198257
324010191258
032060194259
032008195260
362003198261
322008191262
832003194263
342008197264
320003190265
632008193266
322003196267
328008199268
432003192269
432500193270
302000196271
326500199272
232000192273
382500195274
324000198275
032500191276
362000194277
322500197278
832000190279
832020191280
342070194281
320020197282
632070190283
322020193284
328070196285
432020199286
302070192287
326020195288
232070198289
232009199290
382004192291
324009195292
032004198293
362009191294
322004194295
832009197296
342004190297
320009193298
632004196299
432009819300
302004119301
326009419302
232004719303
382009019304
324004319305
032009619306
362004919307
322009219308
832004519309
832600619310
342100919311
320600219312
632100519313
322600819314
328100119315
432600419316
302100719317
326600019318
232100319319
232030419320
382080719321
324030019322
032080319323
362030619324
322080919325
832030219326
342080519327
320030819328
632080119329
632000219330
322005519331
328000819332
432005119333
302000419334
326005719335
232000019336
382005319337
324000619338
032005919339
032700019340
362200319341
322700619342
832200919343
342700219344
320200519345
632700819346
322200119347
328700419348
432200719349
432040819350
302090119351
326040419352
232090719353
382040019354
324090319355
032040619356
362090919357
322040219358
832090519359
832001619360
342006919361
320001219362
632006519363
322001819364
328006119365
432001419366
302006719367
326001019368
232006319369
232800419370
382300719371
324800019372
032300319373
362800619374
322300919375
832800219376
342300519377
320800819378
632300119379
632050219380
322000519381
328050819382
432000119383
302050419384
326000719385
232050019386
382000319387
324050619388
032000919389
032002019390
362007319391
322002619392
832007919393
342002219394
320007519395
632002819396
322007119397
328002419398
432007719399
232002199400
382007129401
324002159402
032007189403
362002119404
322007149405
832002179406
342007109407
320002139408
632007169409
632900179410
322400109411
328900139412
432400169413
302900199414
326400129415
232900159416
382400189417
324900119418
032400149419
032060159420
362010189421
322060119422
832010149423
342060179424
320010109425
632060139426
322010169427
328060199428
432010129429
432003139430
302008169431
326003199432
232008129433
382003159434
324008189435
032003119436
362008149437
322003179438
832008109439
832000119440
342500149441
320000179442
632500109443
322000139444
328500169445
432000199446
302500129447
326000159448
232500189449
232070199450
382020129451
324070159452
032020189453
362070119454
322020149455
832070179456
342020109457
320070139458
632020169459
632004179460
322009109461
328004139462
432009169463
302004199464
326009129465
232004159466
382009189467
324004119468
032009149469
032100159470
362600189471
322100119472
832600149473
342100179474
320600109475
632100139476
322600169477
328100199478
432600129479
432080139480
302030169481
326080199482
232030129483
382080159484
324030189485
032080119486
362030149487
322080179488
832030109489
832005119490
342000149491
320005179492
632000109493
322005139494
328000169495
432005199496
302000129497
326005159498
232000189499
032005190500
362000193501
322005196502
832000199503
342005192504
320000195505
632005198506
322000191507
328005194508
432000197509
432200198510
302700191511
326200194512
232700197513
382200190514
324700193515
032200196516
362700199517
322200192518
832700195519
832090196520
342040199521
320090192522
632040195523
322090198524
328040191525
432090194526
302040197527
326090190528
232040193529
232006194530
382001197531
324006190532
032001193533
362006196534
322001199535
832006192536
342001195537
320006198538
632001191539
632300192540
322800195541
328300198542
432800191543
302300194544
326800197545
232300190546
382800193547
324300196548
032800199549
032000190550
362050193551
322000196552
832050199553
342000192554
320050195555
632000198556
322050191557
328000194558
432050197559
432007198560
302002191561
326007194562
232002197563
382007190564
324002193565
032007196566
362002199567
322007192568
832002195569
832400196570
342900199571
320400192572
632900195573
322400198574
328900191575
432400194576
302900197577
326400190578
232900193579
232010194580
382060197581
324010190582
032060193583
362010196584
322060199585
832010192586
342060195587
320010198588
632060191589
632008192590
322003195591
328008198592
432003191593
302008194594
326003197595
232008190596
382003193597
324008196598
032003199599
832008119600
342003419601
320008719602
632003019603
322008319604
328003619605
432008919606
302003219607
326008519608
232003819609
232500919610
382000219611
324500519612
032000819613
362500119614
322000419615
832500719616
342000019617
320500319618
632000619619
632020719620
322070019621
328020319622
432070619623
302020919624
326070219625
232020519626
382070819627
324020119628
032070419629
032009519630
362004819631
322009119632
832004419633
342009719634
320004019635
632009319636
322004619637
328009919638
432004219639
432600319640
302100619641
326600919642
232100219643
382600519644
324100819645
032600119646
362100419647
322600719648
832100019649
832030119650
342080419651
320030719652
632080019653
322030319654
328080619655
432030919656
302080219657
326030519658
232080819659
232000919660
382005219661
324000519662
032005819663
362000119664
322005419665
832000719666
342005019667
320000319668
632005619669
632700719670
322200019671
328700319672
432200619673
302700919674
326200219675
232700519676
382200819677
324700119678
032200419679
032040519680
362090819681
322040119682
832090419683
342040719684
320090019685
632040319686
322090619687
328040919688
432090219689
432001319690
302006619691
326001919692
232006219693
382001519694
324006819695
032001119696
362006419697
322001719698
832006019699
632001129700
322006159701
328001189702
432006119703
302001149704
326006179705
232001109706
382006139707
324001169708
032006199709
032800109710
362300139711
322800169712
832300199713
342800129714
320300159715
632800189716
322300119717
328800149718
432300179719
432050189720
302000119721
326050149722
232000179723
382050109724
324000139725
032050169726
362000199727
322050129728
832000159729
832002169730
342007199731
320002129732
632007159733
322002189734
328007119735
432002149736
302007179737
326002109738
232007139739
232900149740
382400179741
324900109742
032400139743
362900169744
322400199745
832900129746
342400159747
320900189748
632400119749
632060129750
322010159751
328060189752
432010119753
302060149754
326010179755
232060109756
382010139757
324060169758
032010199759
032003109760
362008139761
322003169762
832008199763
342003129764
320008159765
632003189766
322008119767
328003149768
432008179769
432000189770
302500119771
326000149772
232500179773
382000109774
324500139775
032000169776
362500199777
322000129778
832500159779
832070169780
342020199781
320070129782
632020159783
322070189784
328020119785
432070149786
302020179787
326070109788
232020139789
232004149790
382009179791
324004109792
032009139793
362004169794
322009199795
832004129796
342009159797
320004189798
632009119799
432004193800
302009196801
326004199802
232009192803
382004195804
324009198805
032004191806
362009194807
322004197808
832009190809
832100191810
342600194811
320100197812
632600190813
322100193814
328600196815
432100199816
302600192817
326100195818
232600198819
232080199820
382030192821
324080195822
032030198823
362080191824
322030194825
832080197826
342030190827
320080193828
632030196829
632005197830
322000190831
328005193832
432000196833
302005199834
326000192835
232005195836
382000198837
324005191838
032000194839
032200195840
362700198841
322200191842
832700194843
342200197844
320700190845
632200193846
322700196847
328200199848
432700192849
432090193850
302040196851
326090199852
232040192853
382090195854
324040198855
032090191856
362040194857
322090197858
832040190859
832006191860
342001194861
320006197862
632001190863
322006193864
328001196865
432006199866
302001192867
326006195868
232001198869
232300199870
382800192871
324300195872
032800198873
362300191874
322800194875
832300197876
342800190877
320300193878
632800196879
632000197880
322050190881
328000193882
432050196883
302000199884
326050192885
232000195886
382050198887
324000191888
032050194889
032007195890
362002198891
322007191892
832002194893
342007197894
320002190895
632007193896
322002196897
328007199898
432002192899
232007419900
382002719901
324007019902
032002319903
362007619904
322002919905
832007219906
342002519907
320007819908
632002119909
632400219910
322900519911
328400819912
432900119913
302400419914
326900719915
232400019916
382900319917
324400619918
032900919919
032010019920
362060319921
322010619922
832060919923
342010219924
320060519925
632010819926
322060119927
328010419928
432060719929
432008819930
302003119931
326008419932
232003719933
382008019934
324003319935
032008619936
362003919937
322008219938
832003519939
832500619940
342000919941
320500219942
632000519943
322500819944
328000119945
432500419946
302000719947
326500019948
232000319949
232020419950
382070719951
324020019952
032070319953
362020619954
322070919955
832020219956
342070519957
320020819958
632070119959
632009219960
322004519961
328009819962
432004119963
302009419964
326004719965
232009019966
382004319967
324009619968
032004919969
032600019970
362100319971
322600619972
832100919973
342600219974
320100519975
632600819976
322100119977
328600419978
432100719979
432030819980
302080119981
326030419982
232080719983
382030019984
324080319985
032030619986
362080919987
322030219988
832080519989
832000619990
342005919991
320000219992
632005519993
322000819994
328005119995
432000419996
302005719997
326000019998
232005319999
732000520000