321860271001
318810274002
431860277003
301810270004
316860273005
231810276006
381860279007
314810272008
031860275009
031808276010
361803279011
312808272012
831803275013
341808278014
310803271015
631808274016
321803277017
318808270018
431803273019
431580274020
301080277021
316580270022
231080273023
381580276024
314080279025
031580272026
361080275027
312580278028
831080271029
831820272030
341870275031
310820278032
631870271033
321820274034
318870277035
431820270036
301870273037
316820276038
231870279039
231809270040
381804273041
314809276042
031804279043
361809272044
312804275045
831809278046
341804271047
310809274048
631804277049
631680278050
321180271051
318680274052
431180277053
301680270054
316180273055
231680276056
381180279057
314680272058
031180275059
031830276060
361880279061
312830272062
831880275063
341830278064
310880271065
631830274066
321880277067
318830270068
431880273069
431800274070
301805277071
316800270072
231805273073
381800276074
314805279075
031800272076
361805275077
312800278078
831805271079
831780272080
341280275081
310780278082
631280271083
321780274084
318280277085
431780270086
301280273087
316780276088
231280279089
231840270090
381890273091
314840276092
031890279093
361840272094
312890275095
831840278096
341890271097
310840274098
631890277099
431840927100
301890227101
316840527102
231890827103
381840127104
314890427105
031840727106
361890027107
312840327108
831890627109
831801727110
341806027111
310801327112
631806627113
321801927114
318806227115
431801527116
301806827117
316801127118
231806427119
231880527120
381380827121
314880127122
031380427123
361880727124
312380027125
831880327126
341380627127
310880927128
631380227129
631850327130
321800627131
318850927132
431800227133
301850527134
316800827135
231850127136
381800427137
314850727138
031800027139
031802127140
361807427141
312802727142
831807027143
341802327144
310807627145
631802927146
321807227147
318802527148
431807827149
431980927150
301480227151
316980527152
231480827153
381980127154
314480427155
031980727156
361480027157
312980327158
831480627159
831860727160
341810027161
310860327162
631810627163
321860927164
318810227165
431860527166
301810827167
316860127168
231810427169
231803527170
381808827171
314803127172
031808427173
361803727174
312808027175
831803327176
341808627177
310803927178
631808227179
631080327180
321580627181
318080927182
431580227183
301080527184
316580827185
231080127186
381580427187
314080727188
031580027189
031870127190
361820427191
312870727192
831820027193
341870327194
310820627195
631870927196
321820227197
318870527198
431820827199
231870207200
381820237201
314870267202
031820297203
361870227204
312820257205
831870287206
341820217207
310870247208
631820277209
631804287210
321809217211
318804247212
431809277213
301804207214
316809237215
231804267216
381809297217
314804227218
031809257219
031180267220
361680297221
312180227222
831680257223
341180287224
310680217225
631180247226
321680277227
318180207228
431680237229
431880247230
301830277231
316880207232
231830237233
381880267234
314830297235
031880227236
361830257237
312880287238
831830217239
831805227240
341800257241
310805287242
631800217243
321805247244
318800277245
431805207246
301800237247
316805267248
231800297249
231280207250
381780237251
314280267252
031780297253
361280227254
312780257255
831280287256
341780217257
310280247258
631780277259
631890287260
321840217261
318890247262
431840277263
301890207264
316840237265
231890267266
381840297267
314890227268
031840257269
031806267270
361801297271
312806227272
831801257273
341806287274
310801217275
631806247276
321801277277
318806207278
431801237279
431380247280
301880277281
316380207282
231880237283
381380267284
314880297285
031380227286
361880257287
312380287288
831880217289
831800227290
341850257291
310800287292
631850217293
321800247294
318850277295
431800207296
301850237297
316800267298
231850297299
031800271300
361850274301
312800277302
831850270303
341800273304
310850276305
631800279306
321850272307
318800275308
431850278309
431807279310
301802272311
316807275312
231802278313
381807271314
314802274315
031807277316
361802270317
312807273318
831802276319
831480277320
341980270321
310480273322
631980276323
321480279324
318980272325
431480275326
301980278327
316480271328
231980274329
231810275330
381860278331
314810271332
031860274333
361810277334
312860270335
831810273336
341860276337
310810279338
631860272339
631808273340
321803276341
318808279342
431803272343
301808275344
316803278345
231808271346
381803274347
314808277348
031803270349
031580271350
361080274351
312580277352
831080270353
341580273354
310080276355
631580279356
321080272357
318580275358
431080278359
431820279360
301870272361
316820275362
231870278363
381820271364
314870274365
031820277366
361870270367
312820273368
831870276369
831809277370
341804270371
310809273372
631804276373
321809279374
318804272375
431809275376
301804278377
316809271378
231804274379
231680275380
381180278381
314680271382
031180274383
361680277384
312180270385
831680273386
341180276387
310680279388
631180272389
631830273390
321880276391
318830279392
431880272393
301830275394
316880278395
231830271396
381880274397
314830277398
031880270399
831830227400
341880527401
310830827402
631880127403
321830427404
318880727405
431830027406
301880327407
316830627408
231880927409
231800027410
381805327411
314800627412
031805927413
361800227414
312805527415
831800827416
341805127417
310800427418
631805727419
631780827420
321280127421
318780427422
431280727423
301780027424
316280327425
231780627426
381280927427
314780227428
031280527429
031840627430
361890927431
312840227432
831890527433
341840827434
310890127435
631840427436
321890727437
318840027438
431890327439
431801427440
301806727441
316801027442
231806327443
381801627444
314806927445
031801227446
361806527447
312801827448
831806127449
831880227450
341380527451
310880827452
631380127453
321880427454
318380727455
431880027456
301380327457
316880627458
231380927459
231850027460
381800327461
314850627462
031800927463
361850227464
312800527465
831850827466
341800127467
310850427468
631800727469
631802827470
321807127471
318802427472
431807727473
301802027474
316807327475
231802627476
381807927477
314802227478
031807527479
031980627480
361480927481
312980227482
831480527483
341980827484
310480127485
631980427486
321480727487
318980027488
431480327489
431860427490
301810727491
316860027492
231810327493
381860627494
314810927495
031860227496
361810527497
312860827498
831810127499
631860237500
321810267501
318860297502
431810227503
301860257504
316810287505
231860217506
381810247507
314860277508
031810207509
031803217510
361808247511
312803277512
831808207513
341803237514
310808267515
631803297516
321808227517
318803257518
431808287519
431080297520
301580227521
316080257522
231580287523
381080217524
314580247525
031080277526
361580207527
312080237528
831580267529
831870277530
341820207531
310870237532
631820267533
321870297534
318820227535
431870257536
301820287537
316870217538
231820247539
231804257540
381809287541
314804217542
031809247543
361804277544
312809207545
831804237546
341809267547
310804297548
631809227549
631180237550
321680267551
318180297552
431680227553
301180257554
316680287555
231180217556
381680247557
314180277558
031680207559
031880217560
361830247561
312880277562
831830207563
341880237564
310830267565
631880297566
321830227567
318880257568
431830287569
431805297570
301800227571
316805257572
231800287573
381805217574
314800247575
031805277576
361800207577
312805237578
831800267579
831280277580
341780207581
310280237582
631780267583
321280297584
318780227585
431280257586
301780287587
316280217588
231780247589
231890257590
381840287591
314890217592
031840247593
361890277594
312840207595
831890237596
341840267597
310890297598
631840227599
431890274600
301840277601
316890270602
231840273603
381890276604
314840279605
031890272606
361840275607
312890278608
831840271609
831806272610
341801275611
310806278612
631801271613
321806274614
318801277615
431806270616
301801273617
316806276618
231801279619
231380270620
381880273621
314380276622
031880279623
361380272624
312880275625
831380278626
341880271627
310380274628
631880277629
631800278630
321850271631
318800274632
431850277633
301800270634
316850273635
231800276636
381850279637
314800272638
031850275639
031807276640
361802279641
312807272642
831802275643
341807278644
310802271645
631807274646
321802277647
318807270648
431802273649
431480274650
301980277651
316480270652
231980273653
381480276654
314980279655
031480272656
361980275657
312480278658
831980271659
831810272660
341860275661
310810278662
631860271663
321810274664
318860277665
431810270666
301860273667
316810276668
231860279669
231808270670
381803273671
314808276672
031803279673
361808272674
312803275675
831808278676
341803271677
310808274678
631803277679
631580278680
321080271681
318580274682
431080277683
301580270684
316080273685
231580276686
381080279687
314580272688
031080275689
031820276690
361870279691
312820272692
831870275693
341820278694
310870271695
631820274696
321870277697
318820270698
431870273699
231820527700
381870827701
314820127702
031870427703
361820727704
312870027705
831820327706
341870627707
310820927708
631870227709
631809327710
321804627711
318809927712
431804227713
301809527714
316804827715
231809127716
381804427717
314809727718
031804027719
031680127720
361180427721
312680727722
831180027723
341680327724
310180627725
631680927726
321180227727
318680527728
431180827729
431830927730
301880227731
316830527732
231880827733
381830127734
314880427735
031830727736
361880027737
312830327738
831880627739
831800727740
341805027741
310800327742
631805627743
321800927744
318805227745
431800527746
301805827747
316800127748
231805427749
231780527750
381280827751
314780127752
031280427753
361780727754
312280027755
831780327756
341280627757
310780927758
631280227759
631840327760
321890627761
318840927762
431890227763
301840527764
316890827765
231840127766
381890427767
314840727768
031890027769
031801127770
361806427771
312801727772
831806027773
341801327774
310806627775
631801927776
321806227777
318801527778
431806827779
431880927780
301380227781
316880527782
231380827783
381880127784
314380427785
031880727786
361380027787
312880327788
831380627789
831850727790
341800027791
310850327792
631800627793
321850927794
318800227795
431850527796
301800827797
316850127798
231800427799
031850267800
361800297801
312850227802
831800257803
341850287804
310800217805
631850247806
321800277807
318850207808
431800237809
431802247810
301807277811
316802207812
231807237813
381802267814
314807297815
031802227816
361807257817
312802287818
831807217819
831980227820
341480257821
310980287822
631480217823
321980247824
318480277825
431980207826
301480237827
316980267828
231480297829
231860207830
381810237831
314860267832
031810297833
361860227834
312810257835
831860287836
341810217837
310860247838
631810277839
631803287840
321808217841
318803247842
431808277843
301803207844
316808237845
231803267846
381808297847
314803227848
031808257849
031080267850
361580297851
312080227852
831580257853
341080287854
310580217855
631080247856
321580277857
318080207858
431580237859
431870247860
301820277861
316870207862
231820237863
381870267864
314820297865
031870227866
361820257867
312870287868
831820217869
831804227870
341809257871
310804287872
631809217873
321804247874
318809277875
431804207876
301809237877
316804267878
231809297879
231180207880
381680237881
314180267882
031680297883
361180227884
312680257885
831180287886
341680217887
310180247888
631680277889
631880287890
321830217891
318880247892
431830277893
301880207894
316830237895
231880267896
381830297897
314880227898
031830257899
831880277900
341830270901
310880273902
631830276903
321880279904
318830272905
431880275906
301830278907
316880271908
231830274909
231805275910
381800278911
314805271912
031800274913
361805277914
312800270915
831805273916
341800276917
310805279918
631800272919
631280273920
321780276921
318280279922
431780272923
301280275924
316780278925
231280271926
381780274927
314280277928
031780270929
031890271930
361840274931
312890277932
831840270933
341890273934
310840276935
631890279936
321840272937
318890275938
431840278939
431806279940
301801272941
316806275942
231801278943
381806271944
314801274945
031806277946
361801270947
312806273948
831801276949
831380277950
341880270951
310380273952
631880276953
321380279954
318880272955
431380275956
301880278957
316380271958
231880274959
231800275960
381850278961
314800271962
031850274963
361800277964
312850270965
831800273966
341850276967
310800279968
631850272969
631807273970
321802276971
318807279972
431802272973
301807275974
316802278975
231807271976
381802274977
314807277978
031802270979
031480271980
361980274981
312480277982
831980270983
341480273984
310980276985
631480279986
321980272987
318480275988
431980278989
431810279990
301860272991
316810275992
231860278993
381810271994
314860274995
031810277996
361860270997
312810273998
831860276999
831800284000