381880259001
314830252002
031880255003
361830258004
312880251005
831830254006
341880257007
310830250008
631880253009
631800254010
321805257011
318800250012
431805253013
301800256014
316805259015
231800252016
381805255017
314800258018
031805251019
031780252020
361280255021
312780258022
831280251023
341780254024
310280257025
631780250026
321280253027
318780256028
431280259029
431840250030
301890253031
316840256032
231890259033
381840252034
314890255035
031840258036
361890251037
312840254038
831890257039
831801258040
341806251041
310801254042
631806257043
321801250044
318806253045
431801256046
301806259047
316801252048
231806255049
231880256050
381380259051
314880252052
031380255053
361880258054
312380251055
831880254056
341380257057
310880250058
631380253059
631850254060
321800257061
318850250062
431800253063
301850256064
316800259065
231850252066
381800255067
314850258068
031800251069
031802252070
361807255071
312802258072
831807251073
341802254074
310807257075
631802250076
321807253077
318802256078
431807259079
431980250080
301480253081
316980256082
231480259083
381980252084
314480255085
031980258086
361480251087
312980254088
831480257089
831860258090
341810251091
310860254092
631810257093
321860250094
318810253095
431860256096
301810259097
316860252098
231810255099
031860725100
361810025101
312860325102
831810625103
341860925104
310810225105
631860525106
321810825107
318860125108
431810425109
431803525110
301808825111
316803125112
231808425113
381803725114
314808025115
031803325116
361808625117
312803925118
831808225119
831080325120
341580625121
310080925122
631580225123
321080525124
318580825125
431080125126
301580425127
316080725128
231580025129
231870125130
381820425131
314870725132
031820025133
361870325134
312820625135
831870925136
341820225137
310870525138
631820825139
631804925140
321809225141
318804525142
431809825143
301804125144
316809425145
231804725146
381809025147
314804325148
031809625149
031180725150
361680025151
312180325152
831680625153
341180925154
310680225155
631180525156
321680825157
318180125158
431680425159
431880525160
301830825161
316880125162
231830425163
381880725164
314830025165
031880325166
361830625167
312880925168
831830225169
831805325170
341800625171
310805925172
631800225173
321805525174
318800825175
431805125176
301800425177
316805725178
231800025179
231280125180
381780425181
314280725182
031780025183
361280325184
312780625185
831280925186
341780225187
310280525188
631780825189
631890925190
321840225191
318890525192
431840825193
301890125194
316840425195
231890725196
381840025197
314890325198
031840625199
831890285200
341840215201
310890245202
631840275203
321890205204
318840235205
431890265206
301840295207
316890225208
231840255209
231806265210
381801295211
314806225212
031801255213
361806285214
312801215215
831806245216
341801275217
310806205218
631801235219
631380245220
321880275221
318380205222
431880235223
301380265224
316880295225
231380225226
381880255227
314380285228
031880215229
031800225230
361850255231
312800285232
831850215233
341800245234
310850275235
631800205236
321850235237
318800265238
431850295239
431807205240
301802235241
316807265242
231802295243
381807225244
314802255245
031807285246
361802215247
312807245248
831802275249
831480285250
341980215251
310480245252
631980275253
321480205254
318980235255
431480265256
301980295257
316480225258
231980255259
231810265260
381860295261
314810225262
031860255263
361810285264
312860215265
831810245266
341860275267
310810205268
631860235269
631808245270
321803275271
318808205272
431803235273
301808265274
316803295275
231808225276
381803255277
314808285278
031803215279
031580225280
361080255281
312580285282
831080215283
341580245284
310080275285
631580205286
321080235287
318580265288
431080295289
431820205290
301870235291
316820265292
231870295293
381820225294
314870255295
031820285296
361870215297
312820245298
831870275299
631820259300
321870252301
318820255302
431870258303
301820251304
316870254305
231820257306
381870250307
314820253308
031870256309
031809257310
361804250311
312809253312
831804256313
341809259314
310804252315
631809255316
321804258317
318809251318
431804254319
431680255320
301180258321
316680251322
231180254323
381680257324
314180250325
031680253326
361180256327
312680259328
831180252329
831830253330
341880256331
310830259332
631880252333
321830255334
318880258335
431830251336
301880254337
316830257338
231880250339
231800251340
381805254341
314800257342
031805250343
361800253344
312805256345
831800259346
341805252347
310800255348
631805258349
631780259350
321280252351
318780255352
431280258353
301780251354
316280254355
231780257356
381280250357
314780253358
031280256359
031840257360
361890250361
312840253362
831890256363
341840259364
310890252365
631840255366
321890258367
318840251368
431890254369
431801255370
301806258371
316801251372
231806254373
381801257374
314806250375
031801253376
361806256377
312801259378
831806252379
831880253380
341380256381
310880259382
631380252383
321880255384
318380258385
431880251386
301380254387
316880257388
231380250389
231850251390
381800254391
314850257392
031800250393
361850253394
312800256395
831850259396
341800252397
310850255398
631800258399
431850025400
301800325401
316850625402
231800925403
381850225404
314800525405
031850825406
361800125407
312850425408
831800725409
831802825410
341807125411
310802425412
631807725413
321802025414
318807325415
431802625416
301807925417
316802225418
231807525419
231980625420
381480925421
314980225422
031480525423
361980825424
312480125425
831980425426
341480725427
310980025428
631480325429
631860425430
321810725431
318860025432
431810325433
301860625434
316810925435
231860225436
381810525437
314860825438
031810125439
031803225440
361808525441
312803825442
831808125443
341803425444
310808725445
631803025446
321808325447
318803625448
431808925449
431080025450
301580325451
316080625452
231580925453
381080225454
314580525455
031080825456
361580125457
312080425458
831580725459
831870825460
341820125461
310870425462
631820725463
321870025464
318820325465
431870625466
301820925467
316870225468
231820525469
231804625470
381809925471
314804225472
031809525473
361804825474
312809125475
831804425476
341809725477
310804025478
631809325479
631180425480
321680725481
318180025482
431680325483
301180625484
316680925485
231180225486
381680525487
314180825488
031680125489
031880225490
361830525491
312880825492
831830125493
341880425494
310830725495
631880025496
321830325497
318880625498
431830925499
231880215500
381830245501
314880275502
031830205503
361880235504
312830265505
831880295506
341830225507
310880255508
631830285509
631805295510
321800225511
318805255512
431800285513
301805215514
316800245515
231805275516
381800205517
314805235518
031800265519
031280275520
361780205521
312280235522
831780265523
341280295524
310780225525
631280255526
321780285527
318280215528
431780245529
431890255530
301840285531
316890215532
231840245533
381890275534
314840205535
031890235536
361840265537
312890295538
831840225539
831806235540
341801265541
310806295542
631801225543
321806255544
318801285545
431806215546
301801245547
316806275548
231801205549
231380215550
381880245551
314380275552
031880205553
361380235554
312880265555
831380295556
341880225557
310380255558
631880285559
631800295560
321850225561
318800255562
431850285563
301800215564
316850245565
231800275566
381850205567
314800235568
031850265569
031807275570
361802205571
312807235572
831802265573
341807295574
310802225575
631807255576
321802285577
318807215578
431802245579
431480255580
301980285581
316480215582
231980245583
381480275584
314980205585
031480235586
361980265587
312480295588
831980225589
831810235590
341860265591
310810295592
631860225593
321810255594
318860285595
431810215596
301860245597
316810275598
231860205599
031810252600
361860255601
312810258602
831860251603
341810254604
310860257605
631810250606
321860253607
318810256608
431860259609
431808250610
301803253611
316808256612
231803259613
381808252614
314803255615
031808258616
361803251617
312808254618
831803257619
831580258620
341080251621
310580254622
631080257623
321580250624
318080253625
431580256626
301080259627
316580252628
231080255629
231820256630
381870259631
314820252632
031870255633
361820258634
312870251635
831820254636
341870257637
310820250638
631870253639
631809254640
321804257641
318809250642
431804253643
301809256644
316804259645
231809252646
381804255647
314809258648
031804251649
031680252650
361180255651
312680258652
831180251653
341680254654
310180257655
631680250656
321180253657
318680256658
431180259659
431830250660
301880253661
316830256662
231880259663
381830252664
314880255665
031830258666
361880251667
312830254668
831880257669
831800258670
341805251671
310800254672
631805257673
321800250674
318805253675
431800256676
301805259677
316800252678
231805255679
231780256680
381280259681
314780252682
031280255683
361780258684
312280251685
831780254686
341280257687
310780250688
631280253689
631840254690
321890257691
318840250692
431890253693
301840256694
316890259695
231840252696
381890255697
314840258698
031890251699
831840325700
341890625701
310840925702
631890225703
321840525704
318890825705
431840125706
301890425707
316840725708
231890025709
231801125710
381806425711
314801725712
031806025713
361801325714
312806625715
831801925716
341806225717
310801525718
631806825719
631880925720
321380225721
318880525722
431380825723
301880125724
316380425725
231880725726
381380025727
314880325728
031380625729
031850725730
361800025731
312850325732
831800625733
341850925734
310800225735
631850525736
321800825737
318850125738
431800425739
431802525740
301807825741
316802125742
231807425743
381802725744
314807025745
031802325746
361807625747
312802925748
831807225749
831980325750
341480625751
310980925752
631480225753
321980525754
318480825755
431980125756
301480425757
316980725758
231480025759
231860125760
381810425761
314860725762
031810025763
361860325764
312810625765
831860925766
341810225767
310860525768
631810825769
631803925770
321808225771
318803525772
431808825773
301803125774
316808425775
231803725776
381808025777
314803325778
031808625779
031080725780
361580025781
312080325782
831580625783
341080925784
310580225785
631080525786
321580825787
318080125788
431580425789
431870525790
301820825791
316870125792
231820425793
381870725794
314820025795
031870325796
361820625797
312870925798
831820225799
631870245800
321820275801
318870205802
431820235803
301870265804
316820295805
231870225806
381820255807
314870285808
031820215809
031804225810
361809255811
312804285812
831809215813
341804245814
310809275815
631804205816
321809235817
318804265818
431809295819
431180205820
301680235821
316180265822
231680295823
381180225824
314680255825
031180285826
361680215827
312180245828
831680275829
831880285830
341830215831
310880245832
631830275833
321880205834
318830235835
431880265836
301830295837
316880225838
231830255839
231805265840
381800295841
314805225842
031800255843
361805285844
312800215845
831805245846
341800275847
310805205848
631800235849
631280245850
321780275851
318280205852
431780235853
301280265854
316780295855
231280225856
381780255857
314280285858
031780215859
031890225860
361840255861
312890285862
831840215863
341890245864
310840275865
631890205866
321840235867
318890265868
431840295869
431806205870
301801235871
316806265872
231801295873
381806225874
314801255875
031806285876
361801215877
312806245878
831801275879
831380285880
341880215881
310380245882
631880275883
321380205884
318880235885
431380265886
301880295887
316380225888
231880255889
231800265890
381850295891
314800225892
031850255893
361800285894
312850215895
831800245896
341850275897
310800205898
631850235899
431800255900
301850258901
316800251902
231850254903
381800257904
314850250905
031800253906
361850256907
312800259908
831850252909
831807253910
341802256911
310807259912
631802252913
321807255914
318802258915
431807251916
301802254917
316807257918
231802250919
231480251920
381980254921
314480257922
031980250923
361480253924
312980256925
831480259926
341980252927
310480255928
631980258929
631810259930
321860252931
318810255932
431860258933
301810251934
316860254935
231810257936
381860250937
314810253938
031860256939
031808257940
361803250941
312808253942
831803256943
341808259944
310803252945
631808255946
321803258947
318808251948
431803254949
431580255950
301080258951
316580251952
231080254953
381580257954
314080250955
031580253956
361080256957
312580259958
831080252959
831820253960
341870256961
310820259962
631870252963
321820255964
318870258965
431820251966
301870254967
316820257968
231870250969
231809251970
381804254971
314809257972
031804250973
361809253974
312804256975
831809259976
341804252977
310809255978
631804258979
631680259980
321180252981
318680255982
431180258983
301680251984
316180254985
231680257986
381180250987
314680253988
031180256989
031830257990
361880250991
312830253992
831880256993
341830259994
310880252995
631830255996
321880258997
318830251998
431880254999
431820262000