342000858001
320005158002
632000458003
322005758004
328000058005
432005358006
302000658007
326005958008
232000258009
232200358010
382700658011
324200958012
032700258013
362200558014
322700858015
832200158016
342700458017
320200758018
632700058019
632090158020
322040458021
328090758022
432040058023
302090358024
326040658025
232090958026
382040258027
324090558028
032040858029
032006958030
362001258031
322006558032
832001858033
342006158034
320001458035
632006758036
322001058037
328006358038
432001658039
432300758040
302800058041
326300358042
232800658043
382300958044
324800258045
032300558046
362800858047
322300158048
832800458049
832000558050
342050858051
320000158052
632050458053
322000758054
328050058055
432000358056
302050658057
326000958058
232050258059
232007358060
382002658061
324007958062
032002258063
362007558064
322002858065
832007158066
342002458067
320007758068
632002058069
632400158070
322900458071
328400758072
432900058073
302400358074
326900658075
232400958076
382900258077
324400558078
032900858079
032010958080
362060258081
322010558082
832060858083
342010158084
320060458085
632010758086
322060058087
328010358088
432060658089
432008758090
302003058091
326008358092
232003658093
382008958094
324003258095
032008558096
362003858097
322008158098
832003458099
632008568100
322003598101
328008528102
432003558103
302008588104
326003518105
232008548106
382003578107
324008508108
032003538109
032500548110
362000578111
322500508112
832000538113
342500568114
320000598115
632500528116
322000558117
328500588118
432000518119
432020528120
302070558121
326020588122
232070518123
382020548124
324070578125
032020508126
362070538127
322020568128
832070598129
832009508130
342004538131
320009568132
632004598133
322009528134
328004558135
432009588136
302004518137
326009548138
232004578139
232600588140
382100518141
324600548142
032100578143
362600508144
322100538145
832600568146
342100598147
320600528148
632100558149
632030568150
322080598151
328030528152
432080558153
302030588154
326080518155
232030548156
382080578157
324030508158
032080538159
032000548160
362005578161
322000508162
832005538163
342000568164
320005598165
632000528166
322005558167
328000588168
432005518169
432700528170
302200558171
326700588172
232200518173
382700548174
324200578175
032700508176
362200538177
322700568178
832200598179
832040508180
342090538181
320040568182
632090598183
322040528184
328090558185
432040588186
302090518187
326040548188
232090578189
232001588190
382006518191
324001548192
032006578193
362001508194
322006538195
832001568196
342006598197
320001528198
632006558199
432001587200
302006580201
326001583202
232006586203
382001589204
324006582205
032001585206
362006588207
322001581208
832006584209
832800585210
342300588211
320800581212
632300584213
322800587214
328300580215
432800583216
302300586217
326800589218
232300582219
232050583220
382000586221
324050589222
032000582223
362050585224
322000588225
832050581226
342000584227
320050587228
632000580229
632002581230
322007584231
328002587232
432007580233
302002583234
326007586235
232002589236
382007582237
324002585238
032007588239
032900589240
362400582241
322900585242
832400588243
342900581244
320400584245
632900587246
322400580247
328900583248
432400586249
432060587250
302010580251
326060583252
232010586253
382060589254
324010582255
032060585256
362010588257
322060581258
832010584259
832003585260
342008588261
320003581262
632008584263
322003587264
328008580265
432003583266
302008586267
326003589268
232008582269
232000583270
382500586271
324000589272
032500582273
362000585274
322500588275
832000581276
342500584277
320000587278
632500580279
632070581280
322020584281
328070587282
432020580283
302070583284
326020586285
232070589286
382020582287
324070585288
032020588289
032004589290
362009582291
322004585292
832009588293
342004581294
320009584295
632004587296
322009580297
328004583298
432009586299
232004858300
382009158301
324004458302
032009758303
362004058304
322009358305
832004658306
342009958307
320004258308
632009558309
632100658310
322600958311
328100258312
432600558313
302100858314
326600158315
232100458316
382600758317
324100058318
032600358319
032080458320
362030758321
322080058322
832030358323
342080658324
320030958325
632080258326
322030558327
328080858328
432030158329
432005258330
302000558331
326005858332
232000158333
382005458334
324000758335
032005058336
362000358337
322005658338
832000958339
832200058340
342700358341
320200658342
632700958343
322200258344
328700558345
432200858346
302700158347
326200458348
232700758349
232090858350
382040158351
324090458352
032040758353
362090058354
322040358355
832090658356
342040958357
320090258358
632040558359
632006658360
322001958361
328006258362
432001558363
302006858364
326001158365
232006458366
382001758367
324006058368
032001358369
032300458370
362800758371
322300058372
832800358373
342300658374
320800958375
632300258376
322800558377
328300858378
432800158379
432000258380
302050558381
326000858382
232050158383
382000458384
324050758385
032000058386
362050358387
322000658388
832050958389
832007058390
342002358391
320007658392
632002958393
322007258394
328002558395
432007858396
302002158397
326007458398
232002758399
032007598400
362002528401
322007558402
832002588403
342007518404
320002548405
632007578406
322002508407
328007538408
432002568409
432400578410
302900508411
326400538412
232900568413
382400598414
324900528415
032400558416
362900588417
322400518418
832900548419
832010558420
342060588421
320010518422
632060548423
322010578424
328060508425
432010538426
302060568427
326010598428
232060528429
232008538430
382003568431
324008598432
032003528433
362008558434
322003588435
832008518436
342003548437
320008578438
632003508439
632500518440
322000548441
328500578442
432000508443
302500538444
326000568445
232500598446
382000528447
324500558448
032000588449
032020598450
362070528451
322020558452
832070588453
342020518454
320070548455
632020578456
322070508457
328020538458
432070568459
432009578460
302004508461
326009538462
232004568463
382009598464
324004528465
032009558466
362004588467
322009518468
832004548469
832600558470
342100588471
320600518472
632100548473
322600578474
328100508475
432600538476
302100568477
326600598478
232100528479
232030538480
382080568481
324030598482
032080528483
362030558484
322080588485
832030518486
342080548487
320030578488
632080508489
632000518490
322005548491
328000578492
432005508493
302000538494
326005568495
232000598496
382005528497
324000558498
032005588499
832000580500
342005583501
320000586502
632005589503
322000582504
328005585505
432000588506
302005581507
326000584508
232005587509
232700588510
382200581511
324700584512
032200587513
362700580514
322200583515
832700586516
342200589517
320700582518
632200585519
632040586520
322090589521
328040582522
432090585523
302040588524
326090581525
232040584526
382090587527
324040580528
032090583529
032001584530
362006587531
322001580532
832006583533
342001586534
320006589535
632001582536
322006585537
328001588538
432006581539
432800582540
302300585541
326800588542
232300581543
382800584544
324300587545
032800580546
362300583547
322800586548
832300589549
832050580550
342000583551
320050586552
632000589553
322050582554
328000585555
432050588556
302000581557
326050584558
232000587559
232002588560
382007581561
324002584562
032007587563
362002580564
322007583565
832002586566
342007589567
320002582568
632007585569
632900586570
322400589571
328900582572
432400585573
302900588574
326400581575
232900584576
382400587577
324900580578
032400583579
032060584580
362010587581
322060580582
832010583583
342060586584
320010589585
632060582586
322010585587
328060588588
432010581589
432003582590
302008585591
326003588592
232008581593
382003584594
324008587595
032003580596
362008583597
322003586598
832008589599
632003158600
322008458601
328003758602
432008058603
302003358604
326008658605
232003958606
382008258607
324003558608
032008858609
032000958610
362500258611
322000558612
832500858613
342000158614
320500458615
632000758616
322500058617
328000358618
432500658619
432070758620
302020058621
326070358622
232020658623
382070958624
324020258625
032070558626
362020858627
322070158628
832020458629
832004558630
342009858631
320004158632
632009458633
322004758634
328009058635
432004358636
302009658637
326004958638
232009258639
232100358640
382600658641
324100958642
032600258643
362100558644
322600858645
832100158646
342600458647
320100758648
632600058649
632080158650
322030458651
328080758652
432030058653
302080358654
326030658655
232080958656
382030258657
324080558658
032030858659
032005958660
362000258661
322005558662
832000858663
342005158664
320000458665
632005758666
322000058667
328005358668
432000658669
432200758670
302700058671
326200358672
232700658673
382200958674
324700258675
032200558676
362700858677
322200158678
832700458679
832090558680
342040858681
320090158682
632040458683
322090758684
328040058685
432090358686
302040658687
326090958688
232040258689
232006358690
382001658691
324006958692
032001258693
362006558694
322001858695
832006158696
342001458697
320006758698
632001058699
432006528700
302001558701
326006588702
232001518703
382006548704
324001578705
032006508706
362001538707
322006568708
832001598709
832300508710
342800538711
320300568712
632800598713
322300528714
328800558715
432300588716
302800518717
326300548718
232800578719
232000588720
382050518721
324000548722
032050578723
362000508724
322050538725
832000568726
342050598727
320000528728
632050558729
632007568730
322002598731
328007528732
432002558733
302007588734
326002518735
232007548736
382002578737
324007508738
032002538739
032400548740
362900578741
322400508742
832900538743
342400568744
320900598745
632400528746
322900558747
328400588748
432900518749
432010528750
302060558751
326010588752
232060518753
382010548754
324060578755
032010508756
362060538757
322010568758
832060598759
832008508760
342003538761
320008568762
632003598763
322008528764
328003558765
432008588766
302003518767
326008548768
232003578769
232500588770
382000518771
324500548772
032000578773
362500508774
322000538775
832500568776
342000598777
320500528778
632000558779
632020568780
322070598781
328020528782
432070558783
302020588784
326070518785
232020548786
382070578787
324020508788
032070538789
032009548790
362004578791
322009508792
832004538793
342009568794
320004598795
632009528796
322004558797
328009588798
432004518799
232009583800
382004586801
324009589802
032004582803
362009585804
322004588805
832009581806
342004584807
320009587808
632004580809
632600581810
322100584811
328600587812
432100580813
302600583814
326100586815
232600589816
382100582817
324600585818
032100588819
032030589820
362080582821
322030585822
832080588823
342030581824
320080584825
632030587826
322080580827
328030583828
432080586829
432000587830
302005580831
326000583832
232005586833
382000589834
324005582835
032000585836
362005588837
322000581838
832005584839
832700585840
342200588841
320700581842
632200584843
322700587844
328200580845
432700583846
302200586847
326700589848
232200582849
232040583850
382090586851
324040589852
032090582853
362040585854
322090588855
832040581856
342090584857
320040587858
632090580859
632001581860
322006584861
328001587862
432006580863
302001583864
326006586865
232001589866
382006582867
324001585868
032006588869
032800589870
362300582871
322800585872
832300588873
342800581874
320300584875
632800587876
322300580877
328800583878
432300586879
432050587880
302000580881
326050583882
232000586883
382050589884
324000582885
032050585886
362000588887
322050581888
832000584889
832002585890
342007588891
320002581892
632007584893
322002587894
328007580895
432002583896
302007586897
326002589898
232007582899
032002458900
362007758901
322002058902
832007358903
342002658904
320007958905
632002258906
322007558907
328002858908
432007158909
432900258910
302400558911
326900858912
232400158913
382900458914
324400758915
032900058916
362400358917
322900658918
832400958919
832060058920
342010358921
320060658922
632010958923
322060258924
328010558925
432060858926
302010158927
326060458928
232010758929
232003858930
382008158931
324003458932
032008758933
362003058934
322008358935
832003658936
342008958937
320003258938
632008558939
632000658940
322500958941
328000258942
432500558943
302000858944
326500158945
232000458946
382500758947
324000058948
032500358949
032070458950
362020758951
322070058952
832020358953
342070658954
320020958955
632070258956
322020558957
328070858958
432020158959
432004258960
302009558961
326004858962
232009158963
382004458964
324009758965
032004058966
362009358967
322004658968
832009958969
832100058970
342600358971
320100658972
632600958973
322100258974
328600558975
432100858976
302600158977
326100458978
232600758979
232080858980
382030158981
324080458982
032030758983
362080058984
322030358985
832080658986
342030958987
320080258988
632030558989
632005658990
322000958991
328005258992
432000558993
302005858994
326000158995
232005458996
382000758997
324005058998
032000358999
032004159000