322001257001
328006557002
432001857003
302006157004
326001457005
232006757006
382001057007
324006357008
032001657009
032300757010
362800057011
322300357012
832800657013
342300957014
320800257015
632300557016
322800857017
328300157018
432800457019
432000557020
302050857021
326000157022
232050457023
382000757024
324050057025
032000357026
362050657027
322000957028
832050257029
832007357030
342002657031
320007957032
632002257033
322007557034
328002857035
432007157036
302002457037
326007757038
232002057039
232400157040
382900457041
324400757042
032900057043
362400357044
322900657045
832400957046
342900257047
320400557048
632900857049
632010957050
322060257051
328010557052
432060857053
302010157054
326060457055
232010757056
382060057057
324010357058
032060657059
032008757060
362003057061
322008357062
832003657063
342008957064
320003257065
632008557066
322003857067
328008157068
432003457069
432500557070
302000857071
326500157072
232000457073
382500757074
324000057075
032500357076
362000657077
322500957078
832000257079
832020357080
342070657081
320020957082
632070257083
322020557084
328070857085
432020157086
302070457087
326020757088
232070057089
232009157090
382004457091
324009757092
032004057093
362009357094
322004657095
832009957096
342004257097
320009557098
632004857099
432009507100
302004537101
326009567102
232004597103
382009527104
324004557105
032009587106
362004517107
322009547108
832004577109
832600587110
342100517111
320600547112
632100577113
322600507114
328100537115
432600567116
302100597117
326600527118
232100557119
232030567120
382080597121
324030527122
032080557123
362030587124
322080517125
832030547126
342080577127
320030507128
632080537129
632000547130
322005577131
328000507132
432005537133
302000567134
326005597135
232000527136
382005557137
324000587138
032005517139
032700527140
362200557141
322700587142
832200517143
342700547144
320200577145
632700507146
322200537147
328700567148
432200597149
432040507150
302090537151
326040567152
232090597153
382040527154
324090557155
032040587156
362090517157
322040547158
832090577159
832001587160
342006517161
320001547162
632006577163
322001507164
328006537165
432001567166
302006597167
326001527168
232006557169
232800567170
382300597171
324800527172
032300557173
362800587174
322300517175
832800547176
342300577177
320800507178
632300537179
632050547180
322000577181
328050507182
432000537183
302050567184
326000597185
232050527186
382000557187
324050587188
032000517189
032002527190
362007557191
322002587192
832007517193
342002547194
320007577195
632002507196
322007537197
328002567198
432007597199
232002571200
382007574201
324002577202
032007570203
362002573204
322007576205
832002579206
342007572207
320002575208
632007578209
632900579210
322400572211
328900575212
432400578213
302900571214
326400574215
232900577216
382400570217
324900573218
032400576219
032060577220
362010570221
322060573222
832010576223
342060579224
320010572225
632060575226
322010578227
328060571228
432010574229
432003575230
302008578231
326003571232
232008574233
382003577234
324008570235
032003573236
362008576237
322003579238
832008572239
832000573240
342500576241
320000579242
632500572243
322000575244
328500578245
432000571246
302500574247
326000577248
232500570249
232070571250
382020574251
324070577252
032020570253
362070573254
322020576255
832070579256
342020572257
320070575258
632020578259
632004579260
322009572261
328004575262
432009578263
302004571264
326009574265
232004577266
382009570267
324004573268
032009576269
032100577270
362600570271
322100573272
832600576273
342100579274
320600572275
632100575276
322600578277
328100571278
432600574279
432080575280
302030578281
326080571282
232030574283
382080577284
324030570285
032080573286
362030576287
322080579288
832030572289
832005573290
342000576291
320005579292
632000572293
322005575294
328000578295
432005571296
302000574297
326005577298
232000570299
032005257300
362000557301
322005857302
832000157303
342005457304
320000757305
632005057306
322000357307
328005657308
432000957309
432200057310
302700357311
326200657312
232700957313
382200257314
324700557315
032200857316
362700157317
322200457318
832700757319
832090857320
342040157321
320090457322
632040757323
322090057324
328040357325
432090657326
302040957327
326090257328
232040557329
232006657330
382001957331
324006257332
032001557333
362006857334
322001157335
832006457336
342001757337
320006057338
632001357339
632300457340
322800757341
328300057342
432800357343
302300657344
326800957345
232300257346
382800557347
324300857348
032800157349
032000257350
362050557351
322000857352
832050157353
342000457354
320050757355
632000057356
322050357357
328000657358
432050957359
432007057360
302002357361
326007657362
232002957363
382007257364
324002557365
032007857366
362002157367
322007457368
832002757369
832400857370
342900157371
320400457372
632900757373
322400057374
328900357375
432400657376
302900957377
326400257378
232900557379
232010657380
382060957381
324010257382
032060557383
362010857384
322060157385
832010457386
342060757387
320010057388
632060357389
632008457390
322003757391
328008057392
432003357393
302008657394
326003957395
232008257396
382003557397
324008857398
032003157399
832008537400
342003567401
320008597402
632003527403
322008557404
328003587405
432008517406
302003547407
326008577408
232003507409
232500517410
382000547411
324500577412
032000507413
362500537414
322000567415
832500597416
342000527417
320500557418
632000587419
632020597420
322070527421
328020557422
432070587423
302020517424
326070547425
232020577426
382070507427
324020537428
032070567429
032009577430
362004507431
322009537432
832004567433
342009597434
320004527435
632009557436
322004587437
328009517438
432004547439
432600557440
302100587441
326600517442
232100547443
382600577444
324100507445
032600537446
362100567447
322600597448
832100527449
832030537450
342080567451
320030597452
632080527453
322030557454
328080587455
432030517456
302080547457
326030577458
232080507459
232000517460
382005547461
324000577462
032005507463
362000537464
322005567465
832000597466
342005527467
320000557468
632005587469
632700597470
322200527471
328700557472
432200587473
302700517474
326200547475
232700577476
382200507477
324700537478
032200567479
032040577480
362090507481
322040537482
832090567483
342040597484
320090527485
632040557486
322090587487
328040517488
432090547489
432001557490
302006587491
326001517492
232006547493
382001577494
324006507495
032001537496
362006567497
322001597498
832006527499
632001574500
322006577501
328001570502
432006573503
302001576504
326006579505
232001572506
382006575507
324001578508
032006571509
032800572510
362300575511
322800578512
832300571513
342800574514
320300577515
632800570516
322300573517
328800576518
432300579519
432050570520
302000573521
326050576522
232000579523
382050572524
324000575525
032050578526
362000571527
322050574528
832000577529
832002578530
342007571531
320002574532
632007577533
322002570534
328007573535
432002576536
302007579537
326002572538
232007575539
232900576540
382400579541
324900572542
032400575543
362900578544
322400571545
832900574546
342400577547
320900570548
632400573549
632060574550
322010577551
328060570552
432010573553
302060576554
326010579555
232060572556
382010575557
324060578558
032010571559
032003572560
362008575561
322003578562
832008571563
342003574564
320008577565
632003570566
322008573567
328003576568
432008579569
432000570570
302500573571
326000576572
232500579573
382000572574
324500575575
032000578576
362500571577
322000574578
832500577579
832070578580
342020571581
320070574582
632020577583
322070570584
328020573585
432070576586
302020579587
326070572588
232020575589
232004576590
382009579591
324004572592
032009575593
362004578594
322009571595
832004574596
342009577597
320004570598
632009573599
432004557600
302009857601
326004157602
232009457603
382004757604
324009057605
032004357606
362009657607
322004957608
832009257609
832100357610
342600657611
320100957612
632600257613
322100557614
328600857615
432100157616
302600457617
326100757618
232600057619
232080157620
382030457621
324080757622
032030057623
362080357624
322030657625
832080957626
342030257627
320080557628
632030857629
632005957630
322000257631
328005557632
432000857633
302005157634
326000457635
232005757636
382000057637
324005357638
032000657639
032200757640
362700057641
322200357642
832700657643
342200957644
320700257645
632200557646
322700857647
328200157648
432700457649
432090557650
302040857651
326090157652
232040457653
382090757654
324040057655
032090357656
362040657657
322090957658
832040257659
832006357660
342001657661
320006957662
632001257663
322006557664
328001857665
432006157666
302001457667
326006757668
232001057669
232300157670
382800457671
324300757672
032800057673
362300357674
322800657675
832300957676
342800257677
320300557678
632800857679
632000957680
322050257681
328000557682
432050857683
302000157684
326050457685
232000757686
382050057687
324000357688
032050657689
032007757690
362002057691
322007357692
832002657693
342007957694
320002257695
632007557696
322002857697
328007157698
432002457699
232007567700
382002597701
324007527702
032002557703
362007587704
322002517705
832007547706
342002577707
320007507708
632002537709
632400547710
322900577711
328400507712
432900537713
302400567714
326900597715
232400527716
382900557717
324400587718
032900517719
032010527720
362060557721
322010587722
832060517723
342010547724
320060577725
632010507726
322060537727
328010567728
432060597729
432008507730
302003537731
326008567732
232003597733
382008527734
324003557735
032008587736
362003517737
322008547738
832003577739
832500587740
342000517741
320500547742
632000577743
322500507744
328000537745
432500567746
302000597747
326500527748
232000557749
232020567750
382070597751
324020527752
032070557753
362020587754
322070517755
832020547756
342070577757
320020507758
632070537759
632009547760
322004577761
328009507762
432004537763
302009567764
326004597765
232009527766
382004557767
324009587768
032004517769
032600527770
362100557771
322600587772
832100517773
342600547774
320100577775
632600507776
322100537777
328600567778
432100597779
432030507780
302080537781
326030567782
232080597783
382030527784
324080557785
032030587786
362080517787
322030547788
832080577789
832000587790
342005517791
320000547792
632005577793
322000507794
328005537795
432000567796
302005597797
326000527798
232005557799
032000577800
362005570801
322000573802
832005576803
342000579804
320005572805
632000575806
322005578807
328000571808
432005574809
432700575810
302200578811
326700571812
232200574813
382700577814
324200570815
032700573816
362200576817
322700579818
832200572819
832040573820
342090576821
320040579822
632090572823
322040575824
328090578825
432040571826
302090574827
326040577828
232090570829
232001571830
382006574831
324001577832
032006570833
362001573834
322006576835
832001579836
342006572837
320001575838
632006578839
632800579840
322300572841
328800575842
432300578843
302800571844
326300574845
232800577846
382300570847
324800573848
032300576849
032050577850
362000570851
322050573852
832000576853
342050579854
320000572855
632050575856
322000578857
328050571858
432000574859
432002575860
302007578861
326002571862
232007574863
382002577864
324007570865
032002573866
362007576867
322002579868
832007572869
832900573870
342400576871
320900579872
632400572873
322900575874
328400578875
432900571876
302400574877
326900577878
232400570879
232060571880
382010574881
324060577882
032010570883
362060573884
322010576885
832060579886
342010572887
320060575888
632010578889
632003579890
322008572891
328003575892
432008578893
302003571894
326008574895
232003577896
382008570897
324003573898
032008576899
832003857900
342008157901
320003457902
632008757903
322003057904
328008357905
432003657906
302008957907
326003257908
232008557909
232000657910
382500957911
324000257912
032500557913
362000857914
322500157915
832000457916
342500757917
320000057918
632500357919
632070457920
322020757921
328070057922
432020357923
302070657924
326020957925
232070257926
382020557927
324070857928
032020157929
032004257930
362009557931
322004857932
832009157933
342004457934
320009757935
632004057936
322009357937
328004657938
432009957939
432100057940
302600357941
326100657942
232600957943
382100257944
324600557945
032100857946
362600157947
322100457948
832600757949
832080857950
342030157951
320080457952
632030757953
322080057954
328030357955
432080657956
302030957957
326080257958
232030557959
232005657960
382000957961
324005257962
032000557963
362005857964
322000157965
832005457966
342000757967
320005057968
632000357969
632200457970
322700757971
328200057972
432700357973
302200657974
326700957975
232200257976
382700557977
324200857978
032700157979
032090257980
362040557981
322090857982
832040157983
342090457984
320040757985
632090057986
322040357987
328090657988
432040957989
432006057990
302001357991
326006657992
232001957993
382006257994
324001557995
032006857996
362001157997
322006457998
832001757999
832005558000