362004454001
322009754002
832004054003
342009354004
320004654005
632009954006
322004254007
328009554008
432004854009
432600954010
302100254011
326600554012
232100854013
382600154014
324100454015
032600754016
362100054017
322600354018
832100654019
832030754020
342080054021
320030354022
632080654023
322030954024
328080254025
432030554026
302080854027
326030154028
232080454029
232000554030
382005854031
324000154032
032005454033
362000754034
322005054035
832000354036
342005654037
320000954038
632005254039
632700354040
322200654041
328700954042
432200254043
302700554044
326200854045
232700154046
382200454047
324700754048
032200054049
032040154050
362090454051
322040754052
832090054053
342040354054
320090654055
632040954056
322090254057
328040554058
432090854059
432001954060
302006254061
326001554062
232006854063
382001154064
324006454065
032001754066
362006054067
322001354068
832006654069
832800754070
342300054071
320800354072
632300654073
322800954074
328300254075
432800554076
302300854077
326800154078
232300454079
232050554080
382000854081
324050154082
032000454083
362050754084
322000054085
832050354086
342000654087
320050954088
632000254089
632002354090
322007654091
328002954092
432007254093
302002554094
326007854095
232002154096
382007454097
324002754098
032007054099
832002524100
342007554101
320002584102
632007514103
322002544104
328007574105
432002504106
302007534107
326002564108
232007594109
232900504110
382400534111
324900564112
032400594113
362900524114
322400554115
832900584116
342400514117
320900544118
632400574119
632060584120
322010514121
328060544122
432010574123
302060504124
326010534125
232060564126
382010594127
324060524128
032010554129
032003564130
362008594131
322003524132
832008554133
342003584134
320008514135
632003544136
322008574137
328003504138
432008534139
432000544140
302500574141
326000504142
232500534143
382000564144
324500594145
032000524146
362500554147
322000584148
832500514149
832070524150
342020554151
320070584152
632020514153
322070544154
328020574155
432070504156
302020534157
326070564158
232020594159
232004504160
382009534161
324004564162
032009594163
362004524164
322009554165
832004584166
342009514167
320004544168
632009574169
632100584170
322600514171
328100544172
432600574173
302100504174
326600534175
232100564176
382600594177
324100524178
032600554179
032080564180
362030594181
322080524182
832030554183
342080584184
320030514185
632080544186
322030574187
328080504188
432030534189
432005544190
302000574191
326005504192
232000534193
382005564194
324000594195
032005524196
362000554197
322005584198
832000514199
632005543200
322000546201
328005549202
432000542203
302005545204
326000548205
232005541206
382000544207
324005547208
032000540209
032200541210
362700544211
322200547212
832700540213
342200543214
320700546215
632200549216
322700542217
328200545218
432700548219
432090549220
302040542221
326090545222
232040548223
382090541224
324040544225
032090547226
362040540227
322090543228
832040546229
832006547230
342001540231
320006543232
632001546233
322006549234
328001542235
432006545236
302001548237
326006541238
232001544239
232300545240
382800548241
324300541242
032800544243
362300547244
322800540245
832300543246
342800546247
320300549248
632800542249
632000543250
322050546251
328000549252
432050542253
302000545254
326050548255
232000541256
382050544257
324000547258
032050540259
032007541260
362002544261
322007547262
832002540263
342007543264
320002546265
632007549266
322002542267
328007545268
432002548269
432400549270
302900542271
326400545272
232900548273
382400541274
324900544275
032400547276
362900540277
322400543278
832900546279
832010547280
342060540281
320010543282
632060546283
322010549284
328060542285
432010545286
302060548287
326010541288
232060544289
232008545290
382003548291
324008541292
032003544293
362008547294
322003540295
832008543296
342003546297
320008549298
632003542299
432008454300
302003754301
326008054302
232003354303
382008654304
324003954305
032008254306
362003554307
322008854308
832003154309
832500254310
342000554311
320500854312
632000154313
322500454314
328000754315
432500054316
302000354317
326500654318
232000954319
232020054320
382070354321
324020654322
032070954323
362020254324
322070554325
832020854326
342070154327
320020454328
632070754329
632009854330
322004154331
328009454332
432004754333
302009054334
326004354335
232009654336
382004954337
324009254338
032004554339
032600654340
362100954341
322600254342
832100554343
342600854344
320100154345
632600454346
322100754347
328600054348
432100354349
432030454350
302080754351
326030054352
232080354353
382030654354
324080954355
032030254356
362080554357
322030854358
832080154359
832000254360
342005554361
320000854362
632005154363
322000454364
328005754365
432000054366
302005354367
326000654368
232005954369
232700054370
382200354371
324700654372
032200954373
362700254374
322200554375
832700854376
342200154377
320700454378
632200754379
632040854380
322090154381
328040454382
432090754383
302040054384
326090354385
232040654386
382090954387
324040254388
032090554389
032001654390
362006954391
322001254392
832006554393
342001854394
320006154395
632001454396
322006754397
328001054398
432006354399
232001554400
382006584401
324001514402
032006544403
362001574404
322006504405
832001534406
342006564407
320001594408
632006524409
632800534410
322300564411
328800594412
432300524413
302800554414
326300584415
232800514416
382300544417
324800574418
032300504419
032050514420
362000544421
322050574422
832000504423
342050534424
320000564425
632050594426
322000524427
328050554428
432000584429
432002594430
302007524431
326002554432
232007584433
382002514434
324007544435
032002574436
362007504437
322002534438
832007564439
832900574440
342400504441
320900534442
632400564443
322900594444
328400524445
432900554446
302400584447
326900514448
232400544449
232060554450
382010584451
324060514452
032010544453
362060574454
322010504455
832060534456
342010564457
320060594458
632010524459
632003534460
322008564461
328003594462
432008524463
302003554464
326008584465
232003514466
382008544467
324003574468
032008504469
032000514470
362500544471
322000574472
832500504473
342000534474
320500564475
632000594476
322500524477
328000554478
432500584479
432070594480
302020524481
326070554482
232020584483
382070514484
324020544485
032070574486
362020504487
322070534488
832020564489
832004574490
342009504491
320004534492
632009564493
322004594494
328009524495
432004554496
302009584497
326004514498
232009544499
032004546500
362009549501
322004542502
832009545503
342004548504
320009541505
632004544506
322009547507
328004540508
432009543509
432100544510
302600547511
326100540512
232600543513
382100546514
324600549515
032100542516
362600545517
322100548518
832600541519
832080542520
342030545521
320080548522
632030541523
322080544524
328030547525
432080540526
302030543527
326080546528
232030549529
232005540530
382000543531
324005546532
032000549533
362005542534
322000545535
832005548536
342000541537
320005544538
632000547539
632200548540
322700541541
328200544542
432700547543
302200540544
326700543545
232200546546
382700549547
324200542548
032700545549
032090546550
362040549551
322090542552
832040545553
342090548554
320040541555
632090544556
322040547557
328090540558
432040543559
432006544560
302001547561
326006540562
232001543563
382006546564
324001549565
032006542566
362001545567
322006548568
832001541569
832300542570
342800545571
320300548572
632800541573
322300544574
328800547575
432300540576
302800543577
326300546578
232800549579
232000540580
382050543581
324000546582
032050549583
362000542584
322050545585
832000548586
342050541587
320000544588
632050547589
632007548590
322002541591
328007544592
432002547593
302007540594
326002543595
232007546596
382002549597
324007542598
032002545599
832007754600
342002054601
320007354602
632002654603
322007954604
328002254605
432007554606
302002854607
326007154608
232002454609
232400554610
382900854611
324400154612
032900454613
362400754614
322900054615
832400354616
342900654617
320400954618
632900254619
632010354620
322060654621
328010954622
432060254623
302010554624
326060854625
232010154626
382060454627
324010754628
032060054629
032008154630
362003454631
322008754632
832003054633
342008354634
320003654635
632008954636
322003254637
328008554638
432003854639
432500954640
302000254641
326500554642
232000854643
382500154644
324000454645
032500754646
362000054647
322500354648
832000654649
832020754650
342070054651
320020354652
632070654653
322020954654
328070254655
432020554656
302070854657
326020154658
232070454659
232009554660
382004854661
324009154662
032004454663
362009754664
322004054665
832009354666
342004654667
320009954668
632004254669
632600354670
322100654671
328600954672
432100254673
302600554674
326100854675
232600154676
382100454677
324600754678
032100054679
032030154680
362080454681
322030754682
832080054683
342030354684
320080654685
632030954686
322080254687
328030554688
432080854689
432000954690
302005254691
326000554692
232005854693
382000154694
324005454695
032000754696
362005054697
322000354698
832005654699
632000584700
322005514701
328000544702
432005574703
302000504704
326005534705
232000564706
382005594707
324000524708
032005554709
032700564710
362200594711
322700524712
832200554713
342700584714
320200514715
632700544716
322200574717
328700504718
432200534719
432040544720
302090574721
326040504722
232090534723
382040564724
324090594725
032040524726
362090554727
322040584728
832090514729
832001524730
342006554731
320001584732
632006514733
322001544734
328006574735
432001504736
302006534737
326001564738
232006594739
232800504740
382300534741
324800564742
032300594743
362800524744
322300554745
832800584746
342300514747
320800544748
632300574749
632050584750
322000514751
328050544752
432000574753
302050504754
326000534755
232050564756
382000594757
324050524758
032000554759
032002564760
362007594761
322002524762
832007554763
342002584764
320007514765
632002544766
322007574767
328002504768
432007534769
432900544770
302400574771
326900504772
232400534773
382900564774
324400594775
032900524776
362400554777
322900584778
832400514779
832060524780
342010554781
320060584782
632010514783
322060544784
328010574785
432060504786
302010534787
326060564788
232010594789
232003504790
382008534791
324003564792
032008594793
362003524794
322008554795
832003584796
342008514797
320003544798
632008574799
432003549800
302008542801
326003545802
232008548803
382003541804
324008544805
032003547806
362008540807
322003543808
832008546809
832000547810
342500540811
320000543812
632500546813
322000549814
328500542815
432000545816
302500548817
326000541818
232500544819
232070545820
382020548821
324070541822
032020544823
362070547824
322020540825
832070543826
342020546827
320070549828
632020542829
632004543830
322009546831
328004549832
432009542833
302004545834
326009548835
232004541836
382009544837
324004547838
032009540839
032100541840
362600544841
322100547842
832600540843
342100543844
320600546845
632100549846
322600542847
328100545848
432600548849
432080549850
302030542851
326080545852
232030548853
382080541854
324030544855
032080547856
362030540857
322080543858
832030546859
832005547860
342000540861
320005543862
632000546863
322005549864
328000542865
432005545866
302000548867
326005541868
232000544869
232200545870
382700548871
324200541872
032700544873
362200547874
322700540875
832200543876
342700546877
320200549878
632700542879
632090543880
322040546881
328090549882
432040542883
302090545884
326040548885
232090541886
382040544887
324090547888
032040540889
032006541890
362001544891
322006547892
832001540893
342006543894
320001546895
632006549896
322001542897
328006545898
432001548899
232006054900
382001354901
324006654902
032001954903
362006254904
322001554905
832006854906
342001154907
320006454908
632001754909
632300854910
322800154911
328300454912
432800754913
302300054914
326800354915
232300654916
382800954917
324300254918
032800554919
032000654920
362050954921
322000254922
832050554923
342000854924
320050154925
632000454926
322050754927
328000054928
432050354929
432007454930
302002754931
326007054932
232002354933
382007654934
324002954935
032007254936
362002554937
322007854938
832002154939
832400254940
342900554941
320400854942
632900154943
322400454944
328900754945
432400054946
302900354947
326400654948
232900954949
232010054950
382060354951
324010654952
032060954953
362010254954
322060554955
832010854956
342060154957
320010454958
632060754959
632008854960
322003154961
328008454962
432003754963
302008054964
326003354965
232008654966
382003954967
324008254968
032003554969
032500654970
362000954971
322500254972
832000554973
342500854974
320000154975
632500454976
322000754977
328500054978
432000354979
432020454980
302070754981
326020054982
232070354983
382020654984
324070954985
032020254986
362070554987
322020854988
832070154989
832009254990
342004554991
320009854992
632004154993
322009454994
328004754995
432009054996
302004354997
326009654998
232004954999
232008755000