322009437001
328004737002
432009037003
302004337004
326009637005
232004937006
382009237007
324004537008
032009837009
032100937010
362600237011
322100537012
832600837013
342100137014
320600437015
632100737016
322600037017
328100337018
432600637019
432080737020
302030037021
326080337022
232030637023
382080937024
324030237025
032080537026
362030837027
322080137028
832030437029
832005537030
342000837031
320005137032
632000437033
322005737034
328000037035
432005337036
302000637037
326005937038
232000237039
232200337040
382700637041
324200937042
032700237043
362200537044
322700837045
832200137046
342700437047
320200737048
632700037049
632090137050
322040437051
328090737052
432040037053
302090337054
326040637055
232090937056
382040237057
324090537058
032040837059
032006937060
362001237061
322006537062
832001837063
342006137064
320001437065
632006737066
322001037067
328006337068
432001637069
432300737070
302800037071
326300337072
232800637073
382300937074
324800237075
032300537076
362800837077
322300137078
832800437079
832000537080
342050837081
320000137082
632050437083
322000737084
328050037085
432000337086
302050637087
326000937088
232050237089
232007337090
382002637091
324007937092
032002237093
362007537094
322002837095
832007137096
342002437097
320007737098
632002037099
432007327100
302002357101
326007387102
232002317103
382007347104
324002377105
032007307106
362002337107
322007367108
832002397109
832400307110
342900337111
320400367112
632900397113
322400327114
328900357115
432400387116
302900317117
326400347118
232900377119
232010387120
382060317121
324010347122
032060377123
362010307124
322060337125
832010367126
342060397127
320010327128
632060357129
632008367130
322003397131
328008327132
432003357133
302008387134
326003317135
232008347136
382003377137
324008307138
032003337139
032500347140
362000377141
322500307142
832000337143
342500367144
320000397145
632500327146
322000357147
328500387148
432000317149
432020327150
302070357151
326020387152
232070317153
382020347154
324070377155
032020307156
362070337157
322020367158
832070397159
832009307160
342004337161
320009367162
632004397163
322009327164
328004357165
432009387166
302004317167
326009347168
232004377169
232600387170
382100317171
324600347172
032100377173
362600307174
322100337175
832600367176
342100397177
320600327178
632100357179
632030367180
322080397181
328030327182
432080357183
302030387184
326080317185
232030347186
382080377187
324030307188
032080337189
032000347190
362005377191
322000307192
832005337193
342000367194
320005397195
632000327196
322005357197
328000387198
432005317199
232000373200
382005376201
324000379202
032005372203
362000375204
322005378205
832000371206
342005374207
320000377208
632005370209
632700371210
322200374211
328700377212
432200370213
302700373214
326200376215
232700379216
382200372217
324700375218
032200378219
032040379220
362090372221
322040375222
832090378223
342040371224
320090374225
632040377226
322090370227
328040373228
432090376229
432001377230
302006370231
326001373232
232006376233
382001379234
324006372235
032001375236
362006378237
322001371238
832006374239
832800375240
342300378241
320800371242
632300374243
322800377244
328300370245
432800373246
302300376247
326800379248
232300372249
232050373250
382000376251
324050379252
032000372253
362050375254
322000378255
832050371256
342000374257
320050377258
632000370259
632002371260
322007374261
328002377262
432007370263
302002373264
326007376265
232002379266
382007372267
324002375268
032007378269
032900379270
362400372271
322900375272
832400378273
342900371274
320400374275
632900377276
322400370277
328900373278
432400376279
432060377280
302010370281
326060373282
232010376283
382060379284
324010372285
032060375286
362010378287
322060371288
832010374289
832003375290
342008378291
320003371292
632008374293
322003377294
328008370295
432003373296
302008376297
326003379298
232008372299
032003437300
362008737301
322003037302
832008337303
342003637304
320008937305
632003237306
322008537307
328003837308
432008137309
432000237310
302500537311
326000837312
232500137313
382000437314
324500737315
032000037316
362500337317
322000637318
832500937319
832070037320
342020337321
320070637322
632020937323
322070237324
328020537325
432070837326
302020137327
326070437328
232020737329
232004837330
382009137331
324004437332
032009737333
362004037334
322009337335
832004637336
342009937337
320004237338
632009537339
632100637340
322600937341
328100237342
432600537343
302100837344
326600137345
232100437346
382600737347
324100037348
032600337349
032080437350
362030737351
322080037352
832030337353
342080637354
320030937355
632080237356
322030537357
328080837358
432030137359
432005237360
302000537361
326005837362
232000137363
382005437364
324000737365
032005037366
362000337367
322005637368
832000937369
832200037370
342700337371
320200637372
632700937373
322200237374
328700537375
432200837376
302700137377
326200437378
232700737379
232090837380
382040137381
324090437382
032040737383
362090037384
322040337385
832090637386
342040937387
320090237388
632040537389
632006637390
322001937391
328006237392
432001537393
302006837394
326001137395
232006437396
382001737397
324006037398
032001337399
832006357400
342001387401
320006317402
632001347403
322006377404
328001307405
432006337406
302001367407
326006397408
232001327409
232300337410
382800367411
324300397412
032800327413
362300357414
322800387415
832300317416
342800347417
320300377418
632800307419
632000317420
322050347421
328000377422
432050307423
302000337424
326050367425
232000397426
382050327427
324000357428
032050387429
032007397430
362002327431
322007357432
832002387433
342007317434
320002347435
632007377436
322002307437
328007337438
432002367439
432400377440
302900307441
326400337442
232900367443
382400397444
324900327445
032400357446
362900387447
322400317448
832900347449
832010357450
342060387451
320010317452
632060347453
322010377454
328060307455
432010337456
302060367457
326010397458
232060327459
232008337460
382003367461
324008397462
032003327463
362008357464
322003387465
832008317466
342003347467
320008377468
632003307469
632500317470
322000347471
328500377472
432000307473
302500337474
326000367475
232500397476
382000327477
324500357478
032000387479
032020397480
362070327481
322020357482
832070387483
342020317484
320070347485
632020377486
322070307487
328020337488
432070367489
432009377490
302004307491
326009337492
232004367493
382009397494
324004327495
032009357496
362004387497
322009317498
832004347499
632009376500
322004379501
328009372502
432004375503
302009378504
326004371505
232009374506
382004377507
324009370508
032004373509
032600374510
362100377511
322600370512
832100373513
342600376514
320100379515
632600372516
322100375517
328600378518
432100371519
432030372520
302080375521
326030378522
232080371523
382030374524
324080377525
032030370526
362080373527
322030376528
832080379529
832000370530
342005373531
320000376532
632005379533
322000372534
328005375535
432000378536
302005371537
326000374538
232005377539
232700378540
382200371541
324700374542
032200377543
362700370544
322200373545
832700376546
342200379547
320700372548
632200375549
632040376550
322090379551
328040372552
432090375553
302040378554
326090371555
232040374556
382090377557
324040370558
032090373559
032001374560
362006377561
322001370562
832006373563
342001376564
320006379565
632001372566
322006375567
328001378568
432006371569
432800372570
302300375571
326800378572
232300371573
382800374574
324300377575
032800370576
362300373577
322800376578
832300379579
832050370580
342000373581
320050376582
632000379583
322050372584
328000375585
432050378586
302000371587
326050374588
232000377589
232002378590
382007371591
324002374592
032007377593
362002370594
322007373595
832002376596
342007379597
320002372598
632007375599
432002737600
302007037601
326002337602
232007637603
382002937604
324007237605
032002537606
362007837607
322002137608
832007437609
832900537610
342400837611
320900137612
632400437613
322900737614
328400037615
432900337616
302400637617
326900937618
232400237619
232060337620
382010637621
324060937622
032010237623
362060537624
322010837625
832060137626
342010437627
320060737628
632010037629
632003137630
322008437631
328003737632
432008037633
302003337634
326008637635
232003937636
382008237637
324003537638
032008837639
032000937640
362500237641
322000537642
832500837643
342000137644
320500437645
632000737646
322500037647
328000337648
432500637649
432070737650
302020037651
326070337652
232020637653
382070937654
324020237655
032070537656
362020837657
322070137658
832020437659
832004537660
342009837661
320004137662
632009437663
322004737664
328009037665
432004337666
302009637667
326004937668
232009237669
232100337670
382600637671
324100937672
032600237673
362100537674
322600837675
832100137676
342600437677
320100737678
632600037679
632080137680
322030437681
328080737682
432030037683
302080337684
326030637685
232080937686
382030237687
324080537688
032030837689
032005937690
362000237691
322005537692
832000837693
342005137694
320000437695
632005737696
322000037697
328005337698
432000637699
232005387700
382000317701
324005347702
032000377703
362005307704
322000337705
832005367706
342000397707
320005327708
632000357709
632200367710
322700397711
328200327712
432700357713
302200387714
326700317715
232200347716
382700377717
324200307718
032700337719
032090347720
362040377721
322090307722
832040337723
342090367724
320040397725
632090327726
322040357727
328090387728
432040317729
432006327730
302001357731
326006387732
232001317733
382006347734
324001377735
032006307736
362001337737
322006367738
832001397739
832300307740
342800337741
320300367742
632800397743
322300327744
328800357745
432300387746
302800317747
326300347748
232800377749
232000387750
382050317751
324000347752
032050377753
362000307754
322050337755
832000367756
342050397757
320000327758
632050357759
632007367760
322002397761
328007327762
432002357763
302007387764
326002317765
232007347766
382002377767
324007307768
032002337769
032400347770
362900377771
322400307772
832900337773
342400367774
320900397775
632400327776
322900357777
328400387778
432900317779
432010327780
302060357781
326010387782
232060317783
382010347784
324060377785
032010307786
362060337787
322010367788
832060397789
832008307790
342003337791
320008367792
632003397793
322008327794
328003357795
432008387796
302003317797
326008347798
232003377799
032008379800
362003372801
322008375802
832003378803
342008371804
320003374805
632008377806
322003370807
328008373808
432003376809
432500377810
302000370811
326500373812
232000376813
382500379814
324000372815
032500375816
362000378817
322500371818
832000374819
832020375820
342070378821
320020371822
632070374823
322020377824
328070370825
432020373826
302070376827
326020379828
232070372829
232009373830
382004376831
324009379832
032004372833
362009375834
322004378835
832009371836
342004374837
320009377838
632004370839
632600371840
322100374841
328600377842
432100370843
302600373844
326100376845
232600379846
382100372847
324600375848
032100378849
032030379850
362080372851
322030375852
832080378853
342030371854
320080374855
632030377856
322080370857
328030373858
432080376859
432000377860
302005370861
326000373862
232005376863
382000379864
324005372865
032000375866
362005378867
322000371868
832005374869
832700375870
342200378871
320700371872
632200374873
322700377874
328200370875
432700373876
302200376877
326700379878
232200372879
232040373880
382090376881
324040379882
032090372883
362040375884
322090378885
832040371886
342090374887
320040377888
632090370889
632001371890
322006374891
328001377892
432006370893
302001373894
326006376895
232001379896
382006372897
324001375898
032006378899
832001037900
342006337901
320001637902
632006937903
322001237904
328006537905
432001837906
302006137907
326001437908
232006737909
232800837910
382300137911
324800437912
032300737913
362800037914
322300337915
832800637916
342300937917
320800237918
632300537919
632050637920
322000937921
328050237922
432000537923
302050837924
326000137925
232050437926
382000737927
324050037928
032000337929
032002437930
362007737931
322002037932
832007337933
342002637934
320007937935
632002237936
322007537937
328002837938
432007137939
432900237940
302400537941
326900837942
232400137943
382900437944
324400737945
032900037946
362400337947
322900637948
832400937949
832060037950
342010337951
320060637952
632010937953
322060237954
328010537955
432060837956
302010137957
326060437958
232010737959
232003837960
382008137961
324003437962
032008737963
362003037964
322008337965
832003637966
342008937967
320003237968
632008537969
632000637970
322500937971
328000237972
432500537973
302000837974
326500137975
232000437976
382500737977
324000037978
032500337979
032070437980
362020737981
322070037982
832020337983
342070637984
320020937985
632070237986
322020537987
328070837988
432020137989
432004237990
302009537991
326004837992
232009137993
382004437994
324009737995
032004037996
362009337997
322004637998
832009937999
832003738000