392007628001
325002928002
132007228003
372002528004
323007828005
932002128006
352007428007
321002728008
732007028009
732900128010
332400428011
329900728012
532400028013
312900328014
327400628015
332900928016
392400228017
325900528018
132400828019
132060928020
372010228021
323060528022
932010828023
352060128024
321010428025
732060728026
332010028027
329060328028
532010628029
532003728030
312008028031
327003328032
332008628033
392003928034
325008228035
132003528036
372008828037
323003128038
932008428039
932000528040
352500828041
321000128042
732500428043
332000728044
329500028045
532000328046
312500628047
327000928048
332500228049
332070328050
392020628051
325070928052
132020228053
372070528054
323020828055
932070128056
352020428057
321070728058
732020028059
732004128060
332009428061
329004728062
532009028063
312004328064
327009628065
332004928066
392009228067
325004528068
132009828069
132100928070
372600228071
323100528072
932600828073
352100128074
321600428075
732100728076
332600028077
329100328078
532600628079
532080728080
312030028081
327080328082
332030628083
392080928084
325030228085
132080528086
372030828087
323080128088
932030428089
932005528090
352000828091
321005128092
732000428093
332005728094
329000028095
532005328096
312000628097
327005928098
332000228099
132005248100
372000278101
323005208102
932000238103
352005268104
321000298105
732005228106
332000258107
329005288108
532000218109
532200228110
312700258111
327200288112
332700218113
392200248114
325700278115
132200208116
372700238117
323200268118
932700298119
932090208120
352040238121
321090268122
732040298123
332090228124
329040258125
532090288126
312040218127
327090248128
332040278129
332006288130
392001218131
325006248132
132001278133
372006208134
323001238135
932006268136
352001298137
321006228138
732001258139
732300268140
332800298141
329300228142
532800258143
312300288144
327800218145
332300248146
392800278147
325300208148
132800238149
132000248150
372050278151
323000208152
932050238153
352000268154
321050298155
732000228156
332050258157
329000288158
532050218159
532007228160
312002258161
327007288162
332002218163
392007248164
325002278165
132007208166
372002238167
323007268168
932002298169
932400208170
352900238171
321400268172
732900298173
332400228174
329900258175
532400288176
312900218177
327400248178
332900278179
332010288180
392060218181
325010248182
132060278183
372010208184
323060238185
932010268186
352060298187
321010228188
732060258189
732008268190
332003298191
329008228192
532003258193
312008288194
327003218195
332008248196
392003278197
325008208198
132003238199
932008285200
352003288201
321008281202
732003284203
332008287204
329003280205
532008283206
312003286207
327008289208
332003282209
332500283210
392000286211
325500289212
132000282213
372500285214
323000288215
932500281216
352000284217
321500287218
732000280219
732020281220
332070284221
329020287222
532070280223
312020283224
327070286225
332020289226
392070282227
325020285228
132070288229
132009289230
372004282231
323009285232
932004288233
352009281234
321004284235
732009287236
332004280237
329009283238
532004286239
532600287240
312100280241
327600283242
332100286243
392600289244
325100282245
132600285246
372100288247
323600281248
932100284249
932030285250
352080288251
321030281252
732080284253
332030287254
329080280255
532030283256
312080286257
327030289258
332080282259
332000283260
392005286261
325000289262
132005282263
372000285264
323005288265
932000281266
352005284267
321000287268
732005280269
732700281270
332200284271
329700287272
532200280273
312700283274
327200286275
332700289276
392200282277
325700285278
132200288279
132040289280
372090282281
323040285282
932090288283
352040281284
321090284285
732040287286
332090280287
329040283288
532090286289
532001287290
312006280291
327001283292
332006286293
392001289294
325006282295
132001285296
372006288297
323001281298
932006284299
732001628300
332006928301
329001228302
532006528303
312001828304
327006128305
332001428306
392006728307
325001028308
132006328309
132800428310
372300728311
323800028312
932300328313
352800628314
321300928315
732800228316
332300528317
329800828318
532300128319
532050228320
312000528321
327050828322
332000128323
392050428324
325000728325
132050028326
372000328327
323050628328
932000928329
932002028330
352007328331
321002628332
732007928333
332002228334
329007528335
532002828336
312007128337
327002428338
332007728339
332900828340
392400128341
325900428342
132400728343
372900028344
323400328345
932900628346
352400928347
321900228348
732400528349
732060628350
332010928351
329060228352
532010528353
312060828354
327010128355
332060428356
392010728357
325060028358
132010328359
132003428360
372008728361
323003028362
932008328363
352003628364
321008928365
732003228366
332008528367
329003828368
532008128369
532000228370
312500528371
327000828372
332500128373
392000428374
325500728375
132000028376
372500328377
323000628378
932500928379
932070028380
352020328381
321070628382
732020928383
332070228384
329020528385
532070828386
312020128387
327070428388
332020728389
332004828390
392009128391
325004428392
132009728393
372004028394
323009328395
932004628396
352009928397
321004228398
732009528399
532004278400
312009208401
327004238402
332009268403
392004298404
325009228405
132004258406
372009288407
323004218408
932009248409
932100258410
352600288411
321100218412
732600248413
332100278414
329600208415
532100238416
312600268417
327100298418
332600228419
332080238420
392030268421
325080298422
132030228423
372080258424
323030288425
932080218426
352030248427
321080278428
732030208429
732005218430
332000248431
329005278432
532000208433
312005238434
327000268435
332005298436
392000228437
325005258438
132000288439
132200298440
372700228441
323200258442
932700288443
352200218444
321700248445
732200278446
332700208447
329200238448
532700268449
532090278450
312040208451
327090238452
332040268453
392090298454
325040228455
132090258456
372040288457
323090218458
932040248459
932006258460
352001288461
321006218462
732001248463
332006278464
329001208465
532006238466
312001268467
327006298468
332001228469
332300238470
392800268471
325300298472
132800228473
372300258474
323800288475
932300218476
352800248477
321300278478
732800208479
732000218480
332050248481
329000278482
532050208483
312000238484
327050268485
332000298486
392050228487
325000258488
132050288489
132007298490
372002228491
323007258492
932002288493
352007218494
321002248495
732007278496
332002208497
329007238498
532002268499
332007288500
392002281501
325007284502
132002287503
372007280504
323002283505
932007286506
352002289507
321007282508
732002285509
732400286510
332900289511
329400282512
532900285513
312400288514
327900281515
332400284516
392900287517
325400280518
132900283519
132010284520
372060287521
323010280522
932060283523
352010286524
321060289525
732010282526
332060285527
329010288528
532060281529
532008282530
312003285531
327008288532
332003281533
392008284534
325003287535
132008280536
372003283537
323008286538
932003289539
932500280540
352000283541
321500286542
732000289543
332500282544
329000285545
532500288546
312000281547
327500284548
332000287549
332020288550
392070281551
325020284552
132070287553
372020280554
323070283555
932020286556
352070289557
321020282558
732070285559
732009286560
332004289561
329009282562
532004285563
312009288564
327004281565
332009284566
392004287567
325009280568
132004283569
132600284570
372100287571
323600280572
932100283573
352600286574
321100289575
732600282576
332100285577
329600288578
532100281579
532030282580
312080285581
327030288582
332080281583
392030284584
325080287585
132030280586
372080283587
323030286588
932080289589
932000280590
352005283591
321000286592
732005289593
332000282594
329005285595
532000288596
312005281597
327000284598
332005287599
132000928600
372005228601
323000528602
932005828603
352000128604
321005428605
732000728606
332005028607
329000328608
532005628609
532700728610
312200028611
327700328612
332200628613
392700928614
325200228615
132700528616
372200828617
323700128618
932200428619
932040528620
352090828621
321040128622
732090428623
332040728624
329090028625
532040328626
312090628627
327040928628
332090228629
332001328630
392006628631
325001928632
132006228633
372001528634
323006828635
932001128636
352006428637
321001728638
732006028639
732800128640
332300428641
329800728642
532300028643
312800328644
327300628645
332800928646
392300228647
325800528648
132300828649
132050928650
372000228651
323050528652
932000828653
352050128654
321000428655
732050728656
332000028657
329050328658
532000628659
532002728660
312007028661
327002328662
332007628663
392002928664
325007228665
132002528666
372007828667
323002128668
932007428669
932900528670
352400828671
321900128672
732400428673
332900728674
329400028675
532900328676
312400628677
327900928678
332400228679
332060328680
392010628681
325060928682
132010228683
372060528684
323010828685
932060128686
352010428687
321060728688
732010028689
732003128690
332008428691
329003728692
532008028693
312003328694
327008628695
332003928696
392008228697
325003528698
132008828699
932003208700
352008238701
321003268702
732008298703
332003228704
329008258705
532003288706
312008218707
327003248708
332008278709
332000288710
392500218711
325000248712
132500278713
372000208714
323500238715
932000268716
352500298717
321000228718
732500258719
732070268720
332020298721
329070228722
532020258723
312070288724
327020218725
332070248726
392020278727
325070208728
132020238729
132004248730
372009278731
323004208732
932009238733
352004268734
321009298735
732004228736
332009258737
329004288738
532009218739
532100228740
312600258741
327100288742
332600218743
392100248744
325600278745
132100208746
372600238747
323100268748
932600298749
932080208750
352030238751
321080268752
732030298753
332080228754
329030258755
532080288756
312030218757
327080248758
332030278759
332005288760
392000218761
325005248762
132000278763
372005208764
323000238765
932005268766
352000298767
321005228768
732000258769
732200268770
332700298771
329200228772
532700258773
312200288774
327700218775
332200248776
392700278777
325200208778
132700238779
132090248780
372040278781
323090208782
932040238783
352090268784
321040298785
732090228786
332040258787
329090288788
532040218789
532006228790
312001258791
327006288792
332001218793
392006248794
325001278795
132006208796
372001238797
323006268798
932001298799
732006281800
332001284801
329006287802
532001280803
312006283804
327001286805
332006289806
392001282807
325006285808
132001288809
132300289810
372800282811
323300285812
932800288813
352300281814
321800284815
732300287816
332800280817
329300283818
532800286819
532000287820
312050280821
327000283822
332050286823
392000289824
325050282825
132000285826
372050288827
323000281828
932050284829
932007285830
352002288831
321007281832
732002284833
332007287834
329002280835
532007283836
312002286837
327007289838
332002282839
332400283840
392900286841
325400289842
132900282843
372400285844
323900288845
932400281846
352900284847
321400287848
732900280849
732010281850
332060284851
329010287852
532060280853
312010283854
327060286855
332010289856
392060282857
325010285858
132060288859
132008289860
372003282861
323008285862
932003288863
352008281864
321003284865
732008287866
332003280867
329008283868
532003286869
532500287870
312000280871
327500283872
332000286873
392500289874
325000282875
132500285876
372000288877
323500281878
932000284879
932020285880
352070288881
321020281882
732070284883
332020287884
329070280885
532020283886
312070286887
327020289888
332070282889
332009283890
392004286891
325009289892
132004282893
372009285894
323004288895
932009281896
352004284897
321009287898
732004280899
532009228900
312004528901
327009828902
332004128903
392009428904
325004728905
132009028906
372004328907
323009628908
932004928909
932600028910
352100328911
321600628912
732100928913
332600228914
329100528915
532600828916
312100128917
327600428918
332100728919
332030828920
392080128921
325030428922
132080728923
372030028924
323080328925
932030628926
352080928927
321030228928
732080528929
732000628930
332005928931
329000228932
532005528933
312000828934
327005128935
332000428936
392005728937
325000028938
132005328939
132700428940
372200728941
323700028942
932200328943
352700628944
321200928945
732700228946
332200528947
329700828948
532200128949
532040228950
312090528951
327040828952
332090128953
392040428954
325090728955
132040028956
372090328957
323040628958
932090928959
932001028960
352006328961
321001628962
732006928963
332001228964
329006528965
532001828966
312006128967
327001428968
332006728969
332800828970
392300128971
325800428972
132300728973
372800028974
323300328975
932800628976
352300928977
321800228978
732300528979
732050628980
332000928981
329050228982
532000528983
312050828984
327000128985
332050428986
392000728987
325050028988
132000328989
132002428990
372007728991
323002028992
932007328993
352002628994
321007928995
732002228996
332007528997
329002828998
532007128999
532001929000