302002656001
326007956002
232002256003
382007556004
324002856005
032007156006
362002456007
322007756008
832002056009
832400156010
342900456011
320400756012
632900056013
322400356014
328900656015
432400956016
302900256017
326400556018
232900856019
232010956020
382060256021
324010556022
032060856023
362010156024
322060456025
832010756026
342060056027
320010356028
632060656029
632008756030
322003056031
328008356032
432003656033
302008956034
326003256035
232008556036
382003856037
324008156038
032003456039
032500556040
362000856041
322500156042
832000456043
342500756044
320000056045
632500356046
322000656047
328500956048
432000256049
432020356050
302070656051
326020956052
232070256053
382020556054
324070856055
032020156056
362070456057
322020756058
832070056059
832009156060
342004456061
320009756062
632004056063
322009356064
328004656065
432009956066
302004256067
326009556068
232004856069
232600956070
382100256071
324600556072
032100856073
362600156074
322100456075
832600756076
342100056077
320600356078
632100656079
632030756080
322080056081
328030356082
432080656083
302030956084
326080256085
232030556086
382080856087
324030156088
032080456089
032000556090
362005856091
322000156092
832005456093
342000756094
320005056095
632000356096
322005656097
328000956098
432005256099
232000546100
382005576101
324000506102
032005536103
362000566104
322005596105
832000526106
342005556107
320000586108
632005516109
632700526110
322200556111
328700586112
432200516113
302700546114
326200576115
232700506116
382200536117
324700566118
032200596119
032040506120
362090536121
322040566122
832090596123
342040526124
320090556125
632040586126
322090516127
328040546128
432090576129
432001586130
302006516131
326001546132
232006576133
382001506134
324006536135
032001566136
362006596137
322001526138
832006556139
832800566140
342300596141
320800526142
632300556143
322800586144
328300516145
432800546146
302300576147
326800506148
232300536149
232050546150
382000576151
324050506152
032000536153
362050566154
322000596155
832050526156
342000556157
320050586158
632000516159
632002526160
322007556161
328002586162
432007516163
302002546164
326007576165
232002506166
382007536167
324002566168
032007596169
032900506170
362400536171
322900566172
832400596173
342900526174
320400556175
632900586176
322400516177
328900546178
432400576179
432060586180
302010516181
326060546182
232010576183
382060506184
324010536185
032060566186
362010596187
322060526188
832010556189
832003566190
342008596191
320003526192
632008556193
322003586194
328008516195
432003546196
302008576197
326003506198
232008536199
032003565200
362008568201
322003561202
832008564203
342003567204
320008560205
632003563206
322008566207
328003569208
432008562209
432000563210
302500566211
326000569212
232500562213
382000565214
324500568215
032000561216
362500564217
322000567218
832500560219
832070561220
342020564221
320070567222
632020560223
322070563224
328020566225
432070569226
302020562227
326070565228
232020568229
232004569230
382009562231
324004565232
032009568233
362004561234
322009564235
832004567236
342009560237
320004563238
632009566239
632100567240
322600560241
328100563242
432600566243
302100569244
326600562245
232100565246
382600568247
324100561248
032600564249
032080565250
362030568251
322080561252
832030564253
342080567254
320030560255
632080563256
322030566257
328080569258
432030562259
432005563260
302000566261
326005569262
232000562263
382005565264
324000568265
032005561266
362000564267
322005567268
832000560269
832200561270
342700564271
320200567272
632700560273
322200563274
328700566275
432200569276
302700562277
326200565278
232700568279
232090569280
382040562281
324090565282
032040568283
362090561284
322040564285
832090567286
342040560287
320090563288
632040566289
632006567290
322001560291
328006563292
432001566293
302006569294
326001562295
232006565296
382001568297
324006561298
032001564299
832006656300
342001956301
320006256302
632001556303
322006856304
328001156305
432006456306
302001756307
326006056308
232001356309
232300456310
382800756311
324300056312
032800356313
362300656314
322800956315
832300256316
342800556317
320300856318
632800156319
632000256320
322050556321
328000856322
432050156323
302000456324
326050756325
232000056326
382050356327
324000656328
032050956329
032007056330
362002356331
322007656332
832002956333
342007256334
320002556335
632007856336
322002156337
328007456338
432002756339
432400856340
302900156341
326400456342
232900756343
382400056344
324900356345
032400656346
362900956347
322400256348
832900556349
832010656350
342060956351
320010256352
632060556353
322010856354
328060156355
432010456356
302060756357
326010056358
232060356359
232008456360
382003756361
324008056362
032003356363
362008656364
322003956365
832008256366
342003556367
320008856368
632003156369
632500256370
322000556371
328500856372
432000156373
302500456374
326000756375
232500056376
382000356377
324500656378
032000956379
032020056380
362070356381
322020656382
832070956383
342020256384
320070556385
632020856386
322070156387
328020456388
432070756389
432009856390
302004156391
326009456392
232004756393
382009056394
324004356395
032009656396
362004956397
322009256398
832004556399
632009576400
322004506401
328009536402
432004566403
302009596404
326004526405
232009556406
382004586407
324009516408
032004546409
032600556410
362100586411
322600516412
832100546413
342600576414
320100506415
632600536416
322100566417
328600596418
432100526419
432030536420
302080566421
326030596422
232080526423
382030556424
324080586425
032030516426
362080546427
322030576428
832080506429
832000516430
342005546431
320000576432
632005506433
322000536434
328005566435
432000596436
302005526437
326000556438
232005586439
232700596440
382200526441
324700556442
032200586443
362700516444
322200546445
832700576446
342200506447
320700536448
632200566449
632040576450
322090506451
328040536452
432090566453
302040596454
326090526455
232040556456
382090586457
324040516458
032090546459
032001556460
362006586461
322001516462
832006546463
342001576464
320006506465
632001536466
322006566467
328001596468
432006526469
432800536470
302300566471
326800596472
232300526473
382800556474
324300586475
032800516476
362300546477
322800576478
832300506479
832050516480
342000546481
320050576482
632000506483
322050536484
328000566485
432050596486
302000526487
326050556488
232000586489
232002596490
382007526491
324002556492
032007586493
362002516494
322007546495
832002576496
342007506497
320002536498
632007566499
432002568500
302007561501
326002564502
232007567503
382002560504
324007563505
032002566506
362007569507
322002562508
832007565509
832900566510
342400569511
320900562512
632400565513
322900568514
328400561515
432900564516
302400567517
326900560518
232400563519
232060564520
382010567521
324060560522
032010563523
362060566524
322010569525
832060562526
342010565527
320060568528
632010561529
632003562530
322008565531
328003568532
432008561533
302003564534
326008567535
232003560536
382008563537
324003566538
032008569539
032000560540
362500563541
322000566542
832500569543
342000562544
320500565545
632000568546
322500561547
328000564548
432500567549
432070568550
302020561551
326070564552
232020567553
382070560554
324020563555
032070566556
362020569557
322070562558
832020565559
832004566560
342009569561
320004562562
632009565563
322004568564
328009561565
432004564566
302009567567
326004560568
232009563569
232100564570
382600567571
324100560572
032600563573
362100566574
322600569575
832100562576
342600565577
320100568578
632600561579
632080562580
322030565581
328080568582
432030561583
302080564584
326030567585
232080560586
382030563587
324080566588
032030569589
032005560590
362000563591
322005566592
832000569593
342005562594
320000565595
632005568596
322000561597
328005564598
432000567599
232005956600
382000256601
324005556602
032000856603
362005156604
322000456605
832005756606
342000056607
320005356608
632000656609
632200756610
322700056611
328200356612
432700656613
302200956614
326700256615
232200556616
382700856617
324200156618
032700456619
032090556620
362040856621
322090156622
832040456623
342090756624
320040056625
632090356626
322040656627
328090956628
432040256629
432006356630
302001656631
326006956632
232001256633
382006556634
324001856635
032006156636
362001456637
322006756638
832001056639
832300156640
342800456641
320300756642
632800056643
322300356644
328800656645
432300956646
302800256647
326300556648
232800856649
232000956650
382050256651
324000556652
032050856653
362000156654
322050456655
832000756656
342050056657
320000356658
632050656659
632007756660
322002056661
328007356662
432002656663
302007956664
326002256665
232007556666
382002856667
324007156668
032002456669
032400556670
362900856671
322400156672
832900456673
342400756674
320900056675
632400356676
322900656677
328400956678
432900256679
432010356680
302060656681
326010956682
232060256683
382010556684
324060856685
032010156686
362060456687
322010756688
832060056689
832008156690
342003456691
320008756692
632003056693
322008356694
328003656695
432008956696
302003256697
326008556698
232003856699
032008506700
362003536701
322008566702
832003596703
342008526704
320003556705
632008586706
322003516707
328008546708
432003576709
432500586710
302000516711
326500546712
232000576713
382500506714
324000536715
032500566716
362000596717
322500526718
832000556719
832020566720
342070596721
320020526722
632070556723
322020586724
328070516725
432020546726
302070576727
326020506728
232070536729
232009546730
382004576731
324009506732
032004536733
362009566734
322004596735
832009526736
342004556737
320009586738
632004516739
632600526740
322100556741
328600586742
432100516743
302600546744
326100576745
232600506746
382100536747
324600566748
032100596749
032030506750
362080536751
322030566752
832080596753
342030526754
320080556755
632030586756
322080516757
328030546758
432080576759
432000586760
302005516761
326000546762
232005576763
382000506764
324005536765
032000566766
362005596767
322000526768
832005556769
832700566770
342200596771
320700526772
632200556773
322700586774
328200516775
432700546776
302200576777
326700506778
232200536779
232040546780
382090576781
324040506782
032090536783
362040566784
322090596785
832040526786
342090556787
320040586788
632090516789
632001526790
322006556791
328001586792
432006516793
302001546794
326006576795
232001506796
382006536797
324001566798
032006596799
832001561800
342006564801
320001567802
632006560803
322001563804
328006566805
432001569806
302006562807
326001565808
232006568809
232800569810
382300562811
324800565812
032300568813
362800561814
322300564815
832800567816
342300560817
320800563818
632300566819
632050567820
322000560821
328050563822
432000566823
302050569824
326000562825
232050565826
382000568827
324050561828
032000564829
032002565830
362007568831
322002561832
832007564833
342002567834
320007560835
632002563836
322007566837
328002569838
432007562839
432900563840
302400566841
326900569842
232400562843
382900565844
324400568845
032900561846
362400564847
322900567848
832400560849
832060561850
342010564851
320060567852
632010560853
322060563854
328010566855
432060569856
302010562857
326060565858
232010568859
232003569860
382008562861
324003565862
032008568863
362003561864
322008564865
832003567866
342008560867
320003563868
632008566869
632000567870
322500560871
328000563872
432500566873
302000569874
326500562875
232000565876
382500568877
324000561878
032500564879
032070565880
362020568881
322070561882
832020564883
342070567884
320020560885
632070563886
322020566887
328070569888
432020562889
432004563890
302009566891
326004569892
232009562893
382004565894
324009568895
032004561896
362009564897
322004567898
832009560899
632004256900
322009556901
328004856902
432009156903
302004456904
326009756905
232004056906
382009356907
324004656908
032009956909
032100056910
362600356911
322100656912
832600956913
342100256914
320600556915
632100856916
322600156917
328100456918
432600756919
432080856920
302030156921
326080456922
232030756923
382080056924
324030356925
032080656926
362030956927
322080256928
832030556929
832005656930
342000956931
320005256932
632000556933
322005856934
328000156935
432005456936
302000756937
326005056938
232000356939
232200456940
382700756941
324200056942
032700356943
362200656944
322700956945
832200256946
342700556947
320200856948
632700156949
632090256950
322040556951
328090856952
432040156953
302090456954
326040756955
232090056956
382040356957
324090656958
032040956959
032006056960
362001356961
322006656962
832001956963
342006256964
320001556965
632006856966
322001156967
328006456968
432001756969
432300856970
302800156971
326300456972
232800756973
382300056974
324800356975
032300656976
362800956977
322300256978
832800556979
832000656980
342050956981
320000256982
632050556983
322000856984
328050156985
432000456986
302050756987
326000056988
232050356989
232007456990
382002756991
324007056992
032002356993
362007656994
322002956995
832007256996
342002556997
320007856998
632002156999
632006957000