332007640001
329002940002
532007240003
312002540004
327007840005
332002140006
392007440007
325002740008
132007040009
132900140010
372400440011
323900740012
932400040013
352900340014
321400640015
732900940016
332400240017
329900540018
532400840019
532060940020
312010240021
327060540022
332010840023
392060140024
325010440025
132060740026
372010040027
323060340028
932010640029
932003740030
352008040031
321003340032
732008640033
332003940034
329008240035
532003540036
312008840037
327003140038
332008440039
332000540040
392500840041
325000140042
132500440043
372000740044
323500040045
932000340046
352500640047
321000940048
732500240049
732070340050
332020640051
329070940052
532020240053
312070540054
327020840055
332070140056
392020440057
325070740058
132020040059
132004140060
372009440061
323004740062
932009040063
352004340064
321009640065
732004940066
332009240067
329004540068
532009840069
532100940070
312600240071
327100540072
332600840073
392100140074
325600440075
132100740076
372600040077
323100340078
932600640079
932080740080
352030040081
321080340082
732030640083
332080940084
329030240085
532080540086
312030840087
327080140088
332030440089
332005540090
392000840091
325005140092
132000440093
372005740094
323000040095
932005340096
352000640097
321005940098
732000240099
532005440100
312000470101
327005400102
332000430103
392005460104
325000490105
132005420106
372000450107
323005480108
932000410109
932200420110
352700450111
321200480112
732700410113
332200440114
329700470115
532200400116
312700430117
327200460118
332700490119
332090400120
392040430121
325090460122
132040490123
372090420124
323040450125
932090480126
352040410127
321090440128
732040470129
732006480130
332001410131
329006440132
532001470133
312006400134
327001430135
332006460136
392001490137
325006420138
132001450139
132300460140
372800490141
323300420142
932800450143
352300480144
321800410145
732300440146
332800470147
329300400148
532800430149
532000440150
312050470151
327000400152
332050430153
392000460154
325050490155
132000420156
372050450157
323000480158
932050410159
932007420160
352002450161
321007480162
732002410163
332007440164
329002470165
532007400166
312002430167
327007460168
332002490169
332400400170
392900430171
325400460172
132900490173
372400420174
323900450175
932400480176
352900410177
321400440178
732900470179
732010480180
332060410181
329010440182
532060470183
312010400184
327060430185
332010460186
392060490187
325010420188
132060450189
132008460190
372003490191
323008420192
932003450193
352008480194
321003410195
732008440196
332003470197
329008400198
532003430199
332008405200
392003408201
325008401202
132003404203
372008407204
323003400205
932008403206
352003406207
321008409208
732003402209
732500403210
332000406211
329500409212
532000402213
312500405214
327000408215
332500401216
392000404217
325500407218
132000400219
132020401220
372070404221
323020407222
932070400223
352020403224
321070406225
732020409226
332070402227
329020405228
532070408229
532009409230
312004402231
327009405232
332004408233
392009401234
325004404235
132009407236
372004400237
323009403238
932004406239
932600407240
352100400241
321600403242
732100406243
332600409244
329100402245
532600405246
312100408247
327600401248
332100404249
332030405250
392080408251
325030401252
132080404253
372030407254
323080400255
932030403256
352080406257
321030409258
732080402259
732000403260
332005406261
329000409262
532005402263
312000405264
327005408265
332000401266
392005404267
325000407268
132005400269
132700401270
372200404271
323700407272
932200400273
352700403274
321200406275
732700409276
332200402277
329700405278
532200408279
532040409280
312090402281
327040405282
332090408283
392040401284
325090404285
132040407286
372090400287
323040403288
932090406289
932001407290
352006400291
321001403292
732006406293
332001409294
329006402295
532001405296
312006408297
327001401298
332006404299
132001640300
372006940301
323001240302
932006540303
352001840304
321006140305
732001440306
332006740307
329001040308
532006340309
532800440310
312300740311
327800040312
332300340313
392800640314
325300940315
132800240316
372300540317
323800840318
932300140319
932050240320
352000540321
321050840322
732000140323
332050440324
329000740325
532050040326
312000340327
327050640328
332000940329
332002040330
392007340331
325002640332
132007940333
372002240334
323007540335
932002840336
352007140337
321002440338
732007740339
732900840340
332400140341
329900440342
532400740343
312900040344
327400340345
332900640346
392400940347
325900240348
132400540349
132060640350
372010940351
323060240352
932010540353
352060840354
321010140355
732060440356
332010740357
329060040358
532010340359
532003440360
312008740361
327003040362
332008340363
392003640364
325008940365
132003240366
372008540367
323003840368
932008140369
932000240370
352500540371
321000840372
732500140373
332000440374
329500740375
532000040376
312500340377
327000640378
332500940379
332070040380
392020340381
325070640382
132020940383
372070240384
323020540385
932070840386
352020140387
321070440388
732020740389
732004840390
332009140391
329004440392
532009740393
312004040394
327009340395
332004640396
392009940397
325004240398
132009540399
932004470400
352009400401
321004430402
732009460403
332004490404
329009420405
532004450406
312009480407
327004410408
332009440409
332100450410
392600480411
325100410412
132600440413
372100470414
323600400415
932100430416
352600460417
321100490418
732600420419
732080430420
332030460421
329080490422
532030420423
312080450424
327030480425
332080410426
392030440427
325080470428
132030400429
132005410430
372000440431
323005470432
932000400433
352005430434
321000460435
732005490436
332000420437
329005450438
532000480439
532200490440
312700420441
327200450442
332700480443
392200410444
325700440445
132200470446
372700400447
323200430448
932700460449
932090470450
352040400451
321090430452
732040460453
332090490454
329040420455
532090450456
312040480457
327090410458
332040440459
332006450460
392001480461
325006410462
132001440463
372006470464
323001400465
932006430466
352001460467
321006490468
732001420469
732300430470
332800460471
329300490472
532800420473
312300450474
327800480475
332300410476
392800440477
325300470478
132800400479
132000410480
372050440481
323000470482
932050400483
352000430484
321050460485
732000490486
332050420487
329000450488
532050480489
532007490490
312002420491
327007450492
332002480493
392007410494
325002440495
132007470496
372002400497
323007430498
932002460499
732007408500
332002401501
329007404502
532002407503
312007400504
327002403505
332007406506
392002409507
325007402508
132002405509
132400406510
372900409511
323400402512
932900405513
352400408514
321900401515
732400404516
332900407517
329400400518
532900403519
532010404520
312060407521
327010400522
332060403523
392010406524
325060409525
132010402526
372060405527
323010408528
932060401529
932008402530
352003405531
321008408532
732003401533
332008404534
329003407535
532008400536
312003403537
327008406538
332003409539
332500400540
392000403541
325500406542
132000409543
372500402544
323000405545
932500408546
352000401547
321500404548
732000407549
732020408550
332070401551
329020404552
532070407553
312020400554
327070403555
332020406556
392070409557
325020402558
132070405559
132009406560
372004409561
323009402562
932004405563
352009408564
321004401565
732009404566
332004407567
329009400568
532004403569
532600404570
312100407571
327600400572
332100403573
392600406574
325100409575
132600402576
372100405577
323600408578
932100401579
932030402580
352080405581
321030408582
732080401583
332030404584
329080407585
532030400586
312080403587
327030406588
332080409589
332000400590
392005403591
325000406592
132005409593
372000402594
323005405595
932000408596
352005401597
321000404598
732005407599
532000940600
312005240601
327000540602
332005840603
392000140604
325005440605
132000740606
372005040607
323000340608
932005640609
932700740610
352200040611
321700340612
732200640613
332700940614
329200240615
532700540616
312200840617
327700140618
332200440619
332040540620
392090840621
325040140622
132090440623
372040740624
323090040625
932040340626
352090640627
321040940628
732090240629
732001340630
332006640631
329001940632
532006240633
312001540634
327006840635
332001140636
392006440637
325001740638
132006040639
132800140640
372300440641
323800740642
932300040643
352800340644
321300640645
732800940646
332300240647
329800540648
532300840649
532050940650
312000240651
327050540652
332000840653
392050140654
325000440655
132050740656
372000040657
323050340658
932000640659
932002740660
352007040661
321002340662
732007640663
332002940664
329007240665
532002540666
312007840667
327002140668
332007440669
332900540670
392400840671
325900140672
132400440673
372900740674
323400040675
932900340676
352400640677
321900940678
732400240679
732060340680
332010640681
329060940682
532010240683
312060540684
327010840685
332060140686
392010440687
325060740688
132010040689
132003140690
372008440691
323003740692
932008040693
352003340694
321008640695
732003940696
332008240697
329003540698
532008840699
332003400700
392008430701
325003460702
132008490703
372003420704
323008450705
932003480706
352008410707
321003440708
732008470709
732000480710
332500410711
329000440712
532500470713
312000400714
327500430715
332000460716
392500490717
325000420718
132500450719
132070460720
372020490721
323070420722
932020450723
352070480724
321020410725
732070440726
332020470727
329070400728
532020430729
532004440730
312009470731
327004400732
332009430733
392004460734
325009490735
132004420736
372009450737
323004480738
932009410739
932100420740
352600450741
321100480742
732600410743
332100440744
329600470745
532100400746
312600430747
327100460748
332600490749
332080400750
392030430751
325080460752
132030490753
372080420754
323030450755
932080480756
352030410757
321080440758
732030470759
732005480760
332000410761
329005440762
532000470763
312005400764
327000430765
332005460766
392000490767
325005420768
132000450769
132200460770
372700490771
323200420772
932700450773
352200480774
321700410775
732200440776
332700470777
329200400778
532700430779
532090440780
312040470781
327090400782
332040430783
392090460784
325040490785
132090420786
372040450787
323090480788
932040410789
932006420790
352001450791
321006480792
732001410793
332006440794
329001470795
532006400796
312001430797
327006460798
332001490799
132006401800
372001404801
323006407802
932001400803
352006403804
321001406805
732006409806
332001402807
329006405808
532001408809
532300409810
312800402811
327300405812
332800408813
392300401814
325800404815
132300407816
372800400817
323300403818
932800406819
932000407820
352050400821
321000403822
732050406823
332000409824
329050402825
532000405826
312050408827
327000401828
332050404829
332007405830
392002408831
325007401832
132002404833
372007407834
323002400835
932007403836
352002406837
321007409838
732002402839
732400403840
332900406841
329400409842
532900402843
312400405844
327900408845
332400401846
392900404847
325400407848
132900400849
132010401850
372060404851
323010407852
932060400853
352010403854
321060406855
732010409856
332060402857
329010405858
532060408859
532008409860
312003402861
327008405862
332003408863
392008401864
325003404865
132008407866
372003400867
323008403868
932003406869
932500407870
352000400871
321500403872
732000406873
332500409874
329000402875
532500405876
312000408877
327500401878
332000404879
332020405880
392070408881
325020401882
132070404883
372020407884
323070400885
932020403886
352070406887
321020409888
732070402889
732009403890
332004406891
329009409892
532004402893
312009405894
327004408895
332009401896
392004404897
325009407898
132004400899
932009240900
352004540901
321009840902
732004140903
332009440904
329004740905
532009040906
312004340907
327009640908
332004940909
332600040910
392100340911
325600640912
132100940913
372600240914
323100540915
932600840916
352100140917
321600440918
732100740919
732030840920
332080140921
329030440922
532080740923
312030040924
327080340925
332030640926
392080940927
325030240928
132080540929
132000640930
372005940931
323000240932
932005540933
352000840934
321005140935
732000440936
332005740937
329000040938
532005340939
532700440940
312200740941
327700040942
332200340943
392700640944
325200940945
132700240946
372200540947
323700840948
932200140949
932040240950
352090540951
321040840952
732090140953
332040440954
329090740955
532040040956
312090340957
327040640958
332090940959
332001040960
392006340961
325001640962
132006940963
372001240964
323006540965
932001840966
352006140967
321001440968
732006740969
732800840970
332300140971
329800440972
532300740973
312800040974
327300340975
332800640976
392300940977
325800240978
132300540979
132050640980
372000940981
323050240982
932000540983
352050840984
321000140985
732050440986
332000740987
329050040988
532000340989
532002440990
312007740991
327002040992
332007340993
392002640994
325007940995
132002240996
372007540997
323002840998
932007140999
932001941000