342008038001
320003338002
632008638003
322003938004
328008238005
432003538006
302008838007
326003138008
232008438009
232000538010
382500838011
324000138012
032500438013
362000738014
322500038015
832000338016
342500638017
320000938018
632500238019
632070338020
322020638021
328070938022
432020238023
302070538024
326020838025
232070138026
382020438027
324070738028
032020038029
032004138030
362009438031
322004738032
832009038033
342004338034
320009638035
632004938036
322009238037
328004538038
432009838039
432100938040
302600238041
326100538042
232600838043
382100138044
324600438045
032100738046
362600038047
322100338048
832600638049
832080738050
342030038051
320080338052
632030638053
322080938054
328030238055
432080538056
302030838057
326080138058
232030438059
232005538060
382000838061
324005138062
032000438063
362005738064
322000038065
832005338066
342000638067
320005938068
632000238069
632200338070
322700638071
328200938072
432700238073
302200538074
326700838075
232200138076
382700438077
324200738078
032700038079
032090138080
362040438081
322090738082
832040038083
342090338084
320040638085
632090938086
322040238087
328090538088
432040838089
432006938090
302001238091
326006538092
232001838093
382006138094
324001438095
032006738096
362001038097
322006338098
832001638099
632006388100
322001318101
328006348102
432001378103
302006308104
326001338105
232006368106
382001398107
324006328108
032001358109
032300368110
362800398111
322300328112
832800358113
342300388114
320800318115
632300348116
322800378117
328300308118
432800338119
432000348120
302050378121
326000308122
232050338123
382000368124
324050398125
032000328126
362050358127
322000388128
832050318129
832007328130
342002358131
320007388132
632002318133
322007348134
328002378135
432007308136
302002338137
326007368138
232002398139
232400308140
382900338141
324400368142
032900398143
362400328144
322900358145
832400388146
342900318147
320400348148
632900378149
632010388150
322060318151
328010348152
432060378153
302010308154
326060338155
232010368156
382060398157
324010328158
032060358159
032008368160
362003398161
322008328162
832003358163
342008388164
320003318165
632008348166
322003378167
328008308168
432003338169
432500348170
302000378171
326500308172
232000338173
382500368174
324000398175
032500328176
362000358177
322500388178
832000318179
832020328180
342070358181
320020388182
632070318183
322020348184
328070378185
432020308186
302070338187
326020368188
232070398189
232009308190
382004338191
324009368192
032004398193
362009328194
322004358195
832009388196
342004318197
320009348198
632004378199
432009389200
302004382201
326009385202
232004388203
382009381204
324004384205
032009387206
362004380207
322009383208
832004386209
832600387210
342100380211
320600383212
632100386213
322600389214
328100382215
432600385216
302100388217
326600381218
232100384219
232030385220
382080388221
324030381222
032080384223
362030387224
322080380225
832030383226
342080386227
320030389228
632080382229
632000383230
322005386231
328000389232
432005382233
302000385234
326005388235
232000381236
382005384237
324000387238
032005380239
032700381240
362200384241
322700387242
832200380243
342700383244
320200386245
632700389246
322200382247
328700385248
432200388249
432040389250
302090382251
326040385252
232090388253
382040381254
324090384255
032040387256
362090380257
322040383258
832090386259
832001387260
342006380261
320001383262
632006386263
322001389264
328006382265
432001385266
302006388267
326001381268
232006384269
232800385270
382300388271
324800381272
032300384273
362800387274
322300380275
832800383276
342300386277
320800389278
632300382279
632050383280
322000386281
328050389282
432000382283
302050385284
326000388285
232050381286
382000384287
324050387288
032000380289
032002381290
362007384291
322002387292
832007380293
342002383294
320007386295
632002389296
322007382297
328002385298
432007388299
232002038300
382007338301
324002638302
032007938303
362002238304
322007538305
832002838306
342007138307
320002438308
632007738309
632900838310
322400138311
328900438312
432400738313
302900038314
326400338315
232900638316
382400938317
324900238318
032400538319
032060638320
362010938321
322060238322
832010538323
342060838324
320010138325
632060438326
322010738327
328060038328
432010338329
432003438330
302008738331
326003038332
232008338333
382003638334
324008938335
032003238336
362008538337
322003838338
832008138339
832000238340
342500538341
320000838342
632500138343
322000438344
328500738345
432000038346
302500338347
326000638348
232500938349
232070038350
382020338351
324070638352
032020938353
362070238354
322020538355
832070838356
342020138357
320070438358
632020738359
632004838360
322009138361
328004438362
432009738363
302004038364
326009338365
232004638366
382009938367
324004238368
032009538369
032100638370
362600938371
322100238372
832600538373
342100838374
320600138375
632100438376
322600738377
328100038378
432600338379
432080438380
302030738381
326080038382
232030338383
382080638384
324030938385
032080238386
362030538387
322080838388
832030138389
832005238390
342000538391
320005838392
632000138393
322005438394
328000738395
432005038396
302000338397
326005638398
232000938399
032005318400
362000348401
322005378402
832000308403
342005338404
320000368405
632005398406
322000328407
328005358408
432000388409
432200398410
302700328411
326200358412
232700388413
382200318414
324700348415
032200378416
362700308417
322200338418
832700368419
832090378420
342040308421
320090338422
632040368423
322090398424
328040328425
432090358426
302040388427
326090318428
232040348429
232006358430
382001388431
324006318432
032001348433
362006378434
322001308435
832006338436
342001368437
320006398438
632001328439
632300338440
322800368441
328300398442
432800328443
302300358444
326800388445
232300318446
382800348447
324300378448
032800308449
032000318450
362050348451
322000378452
832050308453
342000338454
320050368455
632000398456
322050328457
328000358458
432050388459
432007398460
302002328461
326007358462
232002388463
382007318464
324002348465
032007378466
362002308467
322007338468
832002368469
832400378470
342900308471
320400338472
632900368473
322400398474
328900328475
432400358476
302900388477
326400318478
232900348479
232010358480
382060388481
324010318482
032060348483
362010378484
322060308485
832010338486
342060368487
320010398488
632060328489
632008338490
322003368491
328008398492
432003328493
302008358494
326003388495
232008318496
382003348497
324008378498
032003308499
832008382500
342003385501
320008388502
632003381503
322008384504
328003387505
432008380506
302003383507
326008386508
232003389509
232500380510
382000383511
324500386512
032000389513
362500382514
322000385515
832500388516
342000381517
320500384518
632000387519
632020388520
322070381521
328020384522
432070387523
302020380524
326070383525
232020386526
382070389527
324020382528
032070385529
032009386530
362004389531
322009382532
832004385533
342009388534
320004381535
632009384536
322004387537
328009380538
432004383539
432600384540
302100387541
326600380542
232100383543
382600386544
324100389545
032600382546
362100385547
322600388548
832100381549
832030382550
342080385551
320030388552
632080381553
322030384554
328080387555
432030380556
302080383557
326030386558
232080389559
232000380560
382005383561
324000386562
032005389563
362000382564
322005385565
832000388566
342005381567
320000384568
632005387569
632700388570
322200381571
328700384572
432200387573
302700380574
326200383575
232700386576
382200389577
324700382578
032200385579
032040386580
362090389581
322040382582
832090385583
342040388584
320090381585
632040384586
322090387587
328040380588
432090383589
432001384590
302006387591
326001380592
232006383593
382001386594
324006389595
032001382596
362006385597
322001388598
832006381599
632001338600
322006638601
328001938602
432006238603
302001538604
326006838605
232001138606
382006438607
324001738608
032006038609
032800138610
362300438611
322800738612
832300038613
342800338614
320300638615
632800938616
322300238617
328800538618
432300838619
432050938620
302000238621
326050538622
232000838623
382050138624
324000438625
032050738626
362000038627
322050338628
832000638629
832002738630
342007038631
320002338632
632007638633
322002938634
328007238635
432002538636
302007838637
326002138638
232007438639
232900538640
382400838641
324900138642
032400438643
362900738644
322400038645
832900338646
342400638647
320900938648
632400238649
632060338650
322010638651
328060938652
432010238653
302060538654
326010838655
232060138656
382010438657
324060738658
032010038659
032003138660
362008438661
322003738662
832008038663
342003338664
320008638665
632003938666
322008238667
328003538668
432008838669
432000938670
302500238671
326000538672
232500838673
382000138674
324500438675
032000738676
362500038677
322000338678
832500638679
832070738680
342020038681
320070338682
632020638683
322070938684
328020238685
432070538686
302020838687
326070138688
232020438689
232004538690
382009838691
324004138692
032009438693
362004738694
322009038695
832004338696
342009638697
320004938698
632009238699
432004348700
302009378701
326004308702
232009338703
382004368704
324009398705
032004328706
362009358707
322004388708
832009318709
832100328710
342600358711
320100388712
632600318713
322100348714
328600378715
432100308716
302600338717
326100368718
232600398719
232080308720
382030338721
324080368722
032030398723
362080328724
322030358725
832080388726
342030318727
320080348728
632030378729
632005388730
322000318731
328005348732
432000378733
302005308734
326000338735
232005368736
382000398737
324005328738
032000358739
032200368740
362700398741
322200328742
832700358743
342200388744
320700318745
632200348746
322700378747
328200308748
432700338749
432090348750
302040378751
326090308752
232040338753
382090368754
324040398755
032090328756
362040358757
322090388758
832040318759
832006328760
342001358761
320006388762
632001318763
322006348764
328001378765
432006308766
302001338767
326006368768
232001398769
232300308770
382800338771
324300368772
032800398773
362300328774
322800358775
832300388776
342800318777
320300348778
632800378779
632000388780
322050318781
328000348782
432050378783
302000308784
326050338785
232000368786
382050398787
324000328788
032050358789
032007368790
362002398791
322007328792
832002358793
342007388794
320002318795
632007348796
322002378797
328007308798
432002338799
232007385800
382002388801
324007381802
032002384803
362007387804
322002380805
832007383806
342002386807
320007389808
632002382809
632400383810
322900386811
328400389812
432900382813
302400385814
326900388815
232400381816
382900384817
324400387818
032900380819
032010381820
362060384821
322010387822
832060380823
342010383824
320060386825
632010389826
322060382827
328010385828
432060388829
432008389830
302003382831
326008385832
232003388833
382008381834
324003384835
032008387836
362003380837
322008383838
832003386839
832500387840
342000380841
320500383842
632000386843
322500389844
328000382845
432500385846
302000388847
326500381848
232000384849
232020385850
382070388851
324020381852
032070384853
362020387854
322070380855
832020383856
342070386857
320020389858
632070382859
632009383860
322004386861
328009389862
432004382863
302009385864
326004388865
232009381866
382004384867
324009387868
032004380869
032600381870
362100384871
322600387872
832100380873
342600383874
320100386875
632600389876
322100382877
328600385878
432100388879
432030389880
302080382881
326030385882
232080388883
382030381884
324080384885
032030387886
362080380887
322030383888
832080386889
832000387890
342005380891
320000383892
632005386893
322000389894
328005382895
432000385896
302005388897
326000381898
232005384899
032000638900
362005938901
322000238902
832005538903
342000838904
320005138905
632000438906
322005738907
328000038908
432005338909
432700438910
302200738911
326700038912
232200338913
382700638914
324200938915
032700238916
362200538917
322700838918
832200138919
832040238920
342090538921
320040838922
632090138923
322040438924
328090738925
432040038926
302090338927
326040638928
232090938929
232001038930
382006338931
324001638932
032006938933
362001238934
322006538935
832001838936
342006138937
320001438938
632006738939
632800838940
322300138941
328800438942
432300738943
302800038944
326300338945
232800638946
382300938947
324800238948
032300538949
032050638950
362000938951
322050238952
832000538953
342050838954
320000138955
632050438956
322000738957
328050038958
432000338959
432002438960
302007738961
326002038962
232007338963
382002638964
324007938965
032002238966
362007538967
322002838968
832007138969
832900238970
342400538971
320900838972
632400138973
322900438974
328400738975
432900038976
302400338977
326900638978
232400938979
232060038980
382010338981
324060638982
032010938983
362060238984
322010538985
832060838986
342010138987
320060438988
632010738989
632003838990
322008138991
328003438992
432008738993
302003038994
326008338995
232003638996
382008938997
324003238998
032008538999
032002339000