361890243001
312840246002
831890249003
341840242004
310890245005
631840248006
321890241007
318840244008
431890247009
431801248010
301806241011
316801244012
231806247013
381801240014
314806243015
031801246016
361806249017
312801242018
831806245019
831880246020
341380249021
310880242022
631380245023
321880248024
318380241025
431880244026
301380247027
316880240028
231380243029
231850244030
381800247031
314850240032
031800243033
361850246034
312800249035
831850242036
341800245037
310850248038
631800241039
631802242040
321807245041
318802248042
431807241043
301802244044
316807247045
231802240046
381807243047
314802246048
031807249049
031980240050
361480243051
312980246052
831480249053
341980242054
310480245055
631980248056
321480241057
318980244058
431480247059
431860248060
301810241061
316860244062
231810247063
381860240064
314810243065
031860246066
361810249067
312860242068
831810245069
831803246070
341808249071
310803242072
631808245073
321803248074
318808241075
431803244076
301808247077
316803240078
231808243079
231080244080
381580247081
314080240082
031580243083
361080246084
312580249085
831080242086
341580245087
310080248088
631580241089
631870242090
321820245091
318870248092
431820241093
301870244094
316820247095
231870240096
381820243097
314870246098
031820249099
831870124100
341820424101
310870724102
631820024103
321870324104
318820624105
431870924106
301820224107
316870524108
231820824109
231804924110
381809224111
314804524112
031809824113
361804124114
312809424115
831804724116
341809024117
310804324118
631809624119
631180724120
321680024121
318180324122
431680624123
301180924124
316680224125
231180524126
381680824127
314180124128
031680424129
031880524130
361830824131
312880124132
831830424133
341880724134
310830024135
631880324136
321830624137
318880924138
431830224139
431805324140
301800624141
316805924142
231800224143
381805524144
314800824145
031805124146
361800424147
312805724148
831800024149
831280124150
341780424151
310280724152
631780024153
321280324154
318780624155
431280924156
301780224157
316280524158
231780824159
231890924160
381840224161
314890524162
031840824163
361890124164
312840424165
831890724166
341840024167
310890324168
631840624169
631806724170
321801024171
318806324172
431801624173
301806924174
316801224175
231806524176
381801824177
314806124178
031801424179
031380524180
361880824181
312380124182
831880424183
341380724184
310880024185
631380324186
321880624187
318380924188
431880224189
431800324190
301850624191
316800924192
231850224193
381800524194
314850824195
031800124196
361850424197
312800724198
831850024199
631800224200
321850254201
318800284202
431850214203
301800244204
316850274205
231800204206
381850234207
314800264208
031850294209
031807204210
361802234211
312807264212
831802294213
341807224214
310802254215
631807284216
321802214217
318807244218
431802274219
431480284220
301980214221
316480244222
231980274223
381480204224
314980234225
031480264226
361980294227
312480224228
831980254229
831810264230
341860294231
310810224232
631860254233
321810284234
318860214235
431810244236
301860274237
316810204238
231860234239
231808244240
381803274241
314808204242
031803234243
361808264244
312803294245
831808224246
341803254247
310808284248
631803214249
631580224250
321080254251
318580284252
431080214253
301580244254
316080274255
231580204256
381080234257
314580264258
031080294259
031820204260
361870234261
312820264262
831870294263
341820224264
310870254265
631820284266
321870214267
318820244268
431870274269
431809284270
301804214271
316809244272
231804274273
381809204274
314804234275
031809264276
361804294277
312809224278
831804254279
831680264280
341180294281
310680224282
631180254283
321680284284
318180214285
431680244286
301180274287
316680204288
231180234289
231830244290
381880274291
314830204292
031880234293
361830264294
312880294295
831830224296
341880254297
310830284298
631880214299
431830243300
301880246301
316830249302
231880242303
381830245304
314880248305
031830241306
361880244307
312830247308
831880240309
831800241310
341805244311
310800247312
631805240313
321800243314
318805246315
431800249316
301805242317
316800245318
231805248319
231780249320
381280242321
314780245322
031280248323
361780241324
312280244325
831780247326
341280240327
310780243328
631280246329
631840247330
321890240331
318840243332
431890246333
301840249334
316890242335
231840245336
381890248337
314840241338
031890244339
031801245340
361806248341
312801241342
831806244343
341801247344
310806240345
631801243346
321806246347
318801249348
431806242349
431880243350
301380246351
316880249352
231380242353
381880245354
314380248355
031880241356
361380244357
312880247358
831380240359
831850241360
341800244361
310850247362
631800240363
321850243364
318800246365
431850249366
301800242367
316850245368
231800248369
231802249370
381807242371
314802245372
031807248373
361802241374
312807244375
831802247376
341807240377
310802243378
631807246379
631980247380
321480240381
318980243382
431480246383
301980249384
316480242385
231980245386
381480248387
314980241388
031480244389
031860245390
361810248391
312860241392
831810244393
341860247394
310810240395
631860243396
321810246397
318860249398
431810242399
231860424400
381810724401
314860024402
031810324403
361860624404
312810924405
831860224406
341810524407
310860824408
631810124409
631803224410
321808524411
318803824412
431808124413
301803424414
316808724415
231803024416
381808324417
314803624418
031808924419
031080024420
361580324421
312080624422
831580924423
341080224424
310580524425
631080824426
321580124427
318080424428
431580724429
431870824430
301820124431
316870424432
231820724433
381870024434
314820324435
031870624436
361820924437
312870224438
831820524439
831804624440
341809924441
310804224442
631809524443
321804824444
318809124445
431804424446
301809724447
316804024448
231809324449
231180424450
381680724451
314180024452
031680324453
361180624454
312680924455
831180224456
341680524457
310180824458
631680124459
631880224460
321830524461
318880824462
431830124463
301880424464
316830724465
231880024466
381830324467
314880624468
031830924469
031805024470
361800324471
312805624472
831800924473
341805224474
310800524475
631805824476
321800124477
318805424478
431800724479
431280824480
301780124481
316280424482
231780724483
381280024484
314780324485
031280624486
361780924487
312280224488
831780524489
831890624490
341840924491
310890224492
631840524493
321890824494
318840124495
431890424496
301840724497
316890024498
231840324499
031890254500
361840284501
312890214502
831840244503
341890274504
310840204505
631890234506
321840264507
318890294508
431840224509
431806234510
301801264511
316806294512
231801224513
381806254514
314801284515
031806214516
361801244517
312806274518
831801204519
831380214520
341880244521
310380274522
631880204523
321380234524
318880264525
431380294526
301880224527
316380254528
231880284529
231800294530
381850224531
314800254532
031850284533
361800214534
312850244535
831800274536
341850204537
310800234538
631850264539
631807274540
321802204541
318807234542
431802264543
301807294544
316802224545
231807254546
381802284547
314807214548
031802244549
031480254550
361980284551
312480214552
831980244553
341480274554
310980204555
631480234556
321980264557
318480294558
431980224559
431810234560
301860264561
316810294562
231860224563
381810254564
314860284565
031810214566
361860244567
312810274568
831860204569
831808214570
341803244571
310808274572
631803204573
321808234574
318803264575
431808294576
301803224577
316808254578
231803284579
231580294580
381080224581
314580254582
031080284583
361580214584
312080244585
831580274586
341080204587
310580234588
631080264589
631820274590
321870204591
318820234592
431870264593
301820294594
316870224595
231820254596
381870284597
314820214598
031870244599
831820246600
341870249601
310820242602
631870245603
321820248604
318870241605
431820244606
301870247607
316820240608
231870243609
231809244610
381804247611
314809240612
031804243613
361809246614
312804249615
831809242616
341804245617
310809248618
631804241619
631680242620
321180245621
318680248622
431180241623
301680244624
316180247625
231680240626
381180243627
314680246628
031180249629
031830240630
361880243631
312830246632
831880249633
341830242634
310880245635
631830248636
321880241637
318830244638
431880247639
431800248640
301805241641
316800244642
231805247643
381800240644
314805243645
031800246646
361805249647
312800242648
831805245649
831780246650
341280249651
310780242652
631280245653
321780248654
318280241655
431780244656
301280247657
316780240658
231280243659
231840244660
381890247661
314840240662
031890243663
361840246664
312890249665
831840242666
341890245667
310840248668
631890241669
631801242670
321806245671
318801248672
431806241673
301801244674
316806247675
231801240676
381806243677
314801246678
031806249679
031880240680
361380243681
312880246682
831380249683
341880242684
310380245685
631880248686
321380241687
318880244688
431380247689
431850248690
301800241691
316850244692
231800247693
381850240694
314800243695
031850246696
361800249697
312850242698
831800245699
631850724700
321800024701
318850324702
431800624703
301850924704
316800224705
231850524706
381800824707
314850124708
031800424709
031802524710
361807824711
312802124712
831807424713
341802724714
310807024715
631802324716
321807624717
318802924718
431807224719
431980324720
301480624721
316980924722
231480224723
381980524724
314480824725
031980124726
361480424727
312980724728
831480024729
831860124730
341810424731
310860724732
631810024733
321860324734
318810624735
431860924736
301810224737
316860524738
231810824739
231803924740
381808224741
314803524742
031808824743
361803124744
312808424745
831803724746
341808024747
310803324748
631808624749
631080724750
321580024751
318080324752
431580624753
301080924754
316580224755
231080524756
381580824757
314080124758
031580424759
031870524760
361820824761
312870124762
831820424763
341870724764
310820024765
631870324766
321820624767
318870924768
431820224769
431804324770
301809624771
316804924772
231809224773
381804524774
314809824775
031804124776
361809424777
312804724778
831809024779
831180124780
341680424781
310180724782
631680024783
321180324784
318680624785
431180924786
301680224787
316180524788
231680824789
231880924790
381830224791
314880524792
031830824793
361880124794
312830424795
831880724796
341830024797
310880324798
631830624799
431880284800
301830214801
316880244802
231830274803
381880204804
314830234805
031880264806
361830294807
312880224808
831830254809
831805264810
341800294811
310805224812
631800254813
321805284814
318800214815
431805244816
301800274817
316805204818
231800234819
231280244820
381780274821
314280204822
031780234823
361280264824
312780294825
831280224826
341780254827
310280284828
631780214829
631890224830
321840254831
318890284832
431840214833
301890244834
316840274835
231890204836
381840234837
314890264838
031840294839
031806204840
361801234841
312806264842
831801294843
341806224844
310801254845
631806284846
321801214847
318806244848
431801274849
431380284850
301880214851
316380244852
231880274853
381380204854
314880234855
031380264856
361880294857
312380224858
831880254859
831800264860
341850294861
310800224862
631850254863
321800284864
318850214865
431800244866
301850274867
316800204868
231850234869
231807244870
381802274871
314807204872
031802234873
361807264874
312802294875
831807224876
341802254877
310807284878
631802214879
631480224880
321980254881
318480284882
431980214883
301480244884
316980274885
231480204886
381980234887
314480264888
031980294889
031810204890
361860234891
312810264892
831860294893
341810224894
310860254895
631810284896
321860214897
318810244898
431860274899
231810249900
381860242901
314810245902
031860248903
361810241904
312860244905
831810247906
341860240907
310810243908
631860246909
631808247910
321803240911
318808243912
431803246913
301808249914
316803242915
231808245916
381803248917
314808241918
031803244919
031580245920
361080248921
312580241922
831080244923
341580247924
310080240925
631580243926
321080246927
318580249928
431080242929
431820243930
301870246931
316820249932
231870242933
381820245934
314870248935
031820241936
361870244937
312820247938
831870240939
831809241940
341804244941
310809247942
631804240943
321809243944
318804246945
431809249946
301804242947
316809245948
231804248949
231680249950
381180242951
314680245952
031180248953
361680241954
312180244955
831680247956
341180240957
310680243958
631180246959
631830247960
321880240961
318830243962
431880246963
301830249964
316880242965
231830245966
381880248967
314830241968
031880244969
031800245970
361805248971
312800241972
831805244973
341800247974
310805240975
631800243976
321805246977
318800249978
431805242979
431780243980
301280246981
316780249982
231280242983
381780245984
314280248985
031780241986
361280244987
312780247988
831280240989
831840241990
341890244991
310840247992
631890240993
321840243994
318890246995
431840249996
301890242997
316840245998
231890248999
231830256000