372003022001
323008322002
932003622003
352008922004
321003222005
732008522006
332003822007
329008122008
532003422009
532500522010
312000822011
327500122012
332000422013
392500722014
325000022015
132500322016
372000622017
323500922018
932000222019
932020322020
352070622021
321020922022
732070222023
332020522024
329070822025
532020122026
312070422027
327020722028
332070022029
332009122030
392004422031
325009722032
132004022033
372009322034
323004622035
932009922036
352004222037
321009522038
732004822039
732600922040
332100222041
329600522042
532100822043
312600122044
327100422045
332600722046
392100022047
325600322048
132100622049
132030722050
372080022051
323030322052
932080622053
352030922054
321080222055
732030522056
332080822057
329030122058
532080422059
532000522060
312005822061
327000122062
332005422063
392000722064
325005022065
132000322066
372005622067
323000922068
932005222069
932700322070
352200622071
321700922072
732200222073
332700522074
329200822075
532700122076
312200422077
327700722078
332200022079
332040122080
392090422081
325040722082
132090022083
372040322084
323090622085
932040922086
352090222087
321040522088
732090822089
732001922090
332006222091
329001522092
532006822093
312001122094
327006422095
332001722096
392006022097
325001322098
132006622099
932001282100
352006212101
321001242102
732006272103
332001202104
329006232105
532001262106
312006292107
327001222108
332006252109
332800262110
392300292111
325800222112
132300252113
372800282114
323300212115
932800242116
352300272117
321800202118
732300232119
732050242120
332000272121
329050202122
532000232123
312050262124
327000292125
332050222126
392000252127
325050282128
132000212129
132002222130
372007252131
323002282132
932007212133
352002242134
321007272135
732002202136
332007232137
329002262138
532007292139
532900202140
312400232141
327900262142
332400292143
392900222144
325400252145
132900282146
372400212147
323900242148
932400272149
932060282150
352010212151
321060242152
732010272153
332060202154
329010232155
532060262156
312010292157
327060222158
332010252159
332003262160
392008292161
325003222162
132008252163
372003282164
323008212165
932003242166
352008272167
321003202168
732008232169
732000242170
332500272171
329000202172
532500232173
312000262174
327500292175
332000222176
392500252177
325000282178
132500212179
132070222180
372020252181
323070282182
932020212183
352070242184
321020272185
732070202186
332020232187
329070262188
532020292189
532004202190
312009232191
327004262192
332009292193
392004222194
325009252195
132004282196
372009212197
323004242198
932009272199
732004229200
332009222201
329004225202
532009228203
312004221204
327009224205
332004227206
392009220207
325004223208
132009226209
132100227210
372600220211
323100223212
932600226213
352100229214
321600222215
732100225216
332600228217
329100221218
532600224219
532080225220
312030228221
327080221222
332030224223
392080227224
325030220225
132080223226
372030226227
323080229228
932030222229
932005223230
352000226231
321005229232
732000222233
332005225234
329000228235
532005221236
312000224237
327005227238
332000220239
332200221240
392700224241
325200227242
132700220243
372200223244
323700226245
932200229246
352700222247
321200225248
732700228249
732090229250
332040222251
329090225252
532040228253
312090221254
327040224255
332090227256
392040220257
325090223258
132040226259
132006227260
372001220261
323006223262
932001226263
352006229264
321001222265
732006225266
332001228267
329006221268
532001224269
532300225270
312800228271
327300221272
332800224273
392300227274
325800220275
132300223276
372800226277
323300229278
932800222279
932000223280
352050226281
321000229282
732050222283
332000225284
329050228285
532000221286
312050224287
327000227288
332050220289
332007221290
392002224291
325007227292
132002220293
372007223294
323002226295
932007229296
352002222297
321007225298
732002228299
532007022300
312002322301
327007622302
332002922303
392007222304
325002522305
132007822306
372002122307
323007422308
932002722309
932400822310
352900122311
321400422312
732900722313
332400022314
329900322315
532400622316
312900922317
327400222318
332900522319
332010622320
392060922321
325010222322
132060522323
372010822324
323060122325
932010422326
352060722327
321010022328
732060322329
732008422330
332003722331
329008022332
532003322333
312008622334
327003922335
332008222336
392003522337
325008822338
132003122339
132500222340
372000522341
323500822342
932000122343
352500422344
321000722345
732500022346
332000322347
329500622348
532000922349
532020022350
312070322351
327020622352
332070922353
392020222354
325070522355
132020822356
372070122357
323020422358
932070722359
932009822360
352004122361
321009422362
732004722363
332009022364
329004322365
532009622366
312004922367
327009222368
332004522369
332600622370
392100922371
325600222372
132100522373
372600822374
323100122375
932600422376
352100722377
321600022378
732100322379
732030422380
332080722381
329030022382
532080322383
312030622384
327080922385
332030222386
392080522387
325030822388
132080122389
132000222390
372005522391
323000822392
932005122393
352000422394
321005722395
732000022396
332005322397
329000622398
532005922399
332000212400
392005242401
325000272402
132005202403
372000232404
323005262405
932000292406
352005222407
321000252408
732005282409
732700292410
332200222411
329700252412
532200282413
312700212414
327200242415
332700272416
392200202417
325700232418
132200262419
132040272420
372090202421
323040232422
932090262423
352040292424
321090222425
732040252426
332090282427
329040212428
532090242429
532001252430
312006282431
327001212432
332006242433
392001272434
325006202435
132001232436
372006262437
323001292438
932006222439
932800232440
352300262441
321800292442
732300222443
332800252444
329300282445
532800212446
312300242447
327800272448
332300202449
332050212450
392000242451
325050272452
132000202453
372050232454
323000262455
932050292456
352000222457
321050252458
732000282459
732002292460
332007222461
329002252462
532007282463
312002212464
327007242465
332002272466
392007202467
325002232468
132007262469
132900272470
372400202471
323900232472
932400262473
352900292474
321400222475
732900252476
332400282477
329900212478
532400242479
532060252480
312010282481
327060212482
332010242483
392060272484
325010202485
132060232486
372010262487
323060292488
932010222489
932003232490
352008262491
321003292492
732008222493
332003252494
329008282495
532003212496
312008242497
327003272498
332008202499
132003222500
372008225501
323003228502
932008221503
352003224504
321008227505
732003220506
332008223507
329003226508
532008229509
532000220510
312500223511
327000226512
332500229513
392000222514
325500225515
132000228516
372500221517
323000224518
932500227519
932070228520
352020221521
321070224522
732020227523
332070220524
329020223525
532070226526
312020229527
327070222528
332020225529
332004226530
392009229531
325004222532
132009225533
372004228534
323009221535
932004224536
352009227537
321004220538
732009223539
732100224540
332600227541
329100220542
532600223543
312100226544
327600229545
332100222546
392600225547
325100228548
132600221549
132080222550
372030225551
323080228552
932030221553
352080224554
321030227555
732080220556
332030223557
329080226558
532030229559
532005220560
312000223561
327005226562
332000229563
392005222564
325000225565
132005228566
372000221567
323005224568
932000227569
932200228570
352700221571
321200224572
732700227573
332200220574
329700223575
532200226576
312700229577
327200222578
332700225579
332090226580
392040229581
325090222582
132040225583
372090228584
323040221585
932090224586
352040227587
321090220588
732040223589
732006224590
332001227591
329006220592
532001223593
312006226594
327001229595
332006222596
392001225597
325006228598
132001221599
932006322600
352001622601
321006922602
732001222603
332006522604
329001822605
532006122606
312001422607
327006722608
332001022609
332300122610
392800422611
325300722612
132800022613
372300322614
323800622615
932300922616
352800222617
321300522618
732800822619
732000922620
332050222621
329000522622
532050822623
312000122624
327050422625
332000722626
392050022627
325000322628
132050622629
132007722630
372002022631
323007322632
932002622633
352007922634
321002222635
732007522636
332002822637
329007122638
532002422639
532400522640
312900822641
327400122642
332900422643
392400722644
325900022645
132400322646
372900622647
323400922648
932900222649
932010322650
352060622651
321010922652
732060222653
332010522654
329060822655
532010122656
312060422657
327010722658
332060022659
332008122660
392003422661
325008722662
132003022663
372008322664
323003622665
932008922666
352003222667
321008522668
732003822669
732500922670
332000222671
329500522672
532000822673
312500122674
327000422675
332500722676
392000022677
325500322678
132000622679
132020722680
372070022681
323020322682
932070622683
352020922684
321070222685
732020522686
332070822687
329020122688
532070422689
532009522690
312004822691
327009122692
332004422693
392009722694
325004022695
132009322696
372004622697
323009922698
932004222699
732009242700
332004272701
329009202702
532004232703
312009262704
327004292705
332009222706
392004252707
325009282708
132004212709
132600222710
372100252711
323600282712
932100212713
352600242714
321100272715
732600202716
332100232717
329600262718
532100292719
532030202720
312080232721
327030262722
332080292723
392030222724
325080252725
132030282726
372080212727
323030242728
932080272729
932000282730
352005212731
321000242732
732005272733
332000202734
329005232735
532000262736
312005292737
327000222738
332005252739
332700262740
392200292741
325700222742
132200252743
372700282744
323200212745
932700242746
352200272747
321700202748
732200232749
732040242750
332090272751
329040202752
532090232753
312040262754
327090292755
332040222756
392090252757
325040282758
132090212759
132001222760
372006252761
323001282762
932006212763
352001242764
321006272765
732001202766
332006232767
329001262768
532006292769
532800202770
312300232771
327800262772
332300292773
392800222774
325300252775
132800282776
372300212777
323800242778
932300272779
932050282780
352000212781
321050242782
732000272783
332050202784
329000232785
532050262786
312000292787
327050222788
332000252789
332002262790
392007292791
325002222792
132007252793
372002282794
323007212795
932002242796
352007272797
321002202798
732007232799
532002225800
312007228801
327002221802
332007224803
392002227804
325007220805
132002223806
372007226807
323002229808
932007222809
932900223810
352400226811
321900229812
732400222813
332900225814
329400228815
532900221816
312400224817
327900227818
332400220819
332060221820
392010224821
325060227822
132010220823
372060223824
323010226825
932060229826
352010222827
321060225828
732010228829
732003229830
332008222831
329003225832
532008228833
312003221834
327008224835
332003227836
392008220837
325003223838
132008226839
132000227840
372500220841
323000223842
932500226843
352000229844
321500222845
732000225846
332500228847
329000221848
532500224849
532070225850
312020228851
327070221852
332020224853
392070227854
325020220855
132070223856
372020226857
323070229858
932020222859
932004223860
352009226861
321004229862
732009222863
332004225864
329009228865
532004221866
312009224867
327004227868
332009220869
332100221870
392600224871
325100227872
132600220873
372100223874
323600226875
932100229876
352600222877
321100225878
732600228879
732080229880
332030222881
329080225882
532030228883
312080221884
327030224885
332080227886
392030220887
325080223888
132030226889
132005227890
372000220891
323005223892
932000226893
352005229894
321000222895
732005225896
332000228897
329005221898
532000224899
332005622900
392000922901
325005222902
132000522903
372005822904
323000122905
932005422906
352000722907
321005022908
732000322909
732200422910
332700722911
329200022912
532700322913
312200622914
327700922915
332200222916
392700522917
325200822918
132700122919
132090222920
372040522921
323090822922
932040122923
352090422924
321040722925
732090022926
332040322927
329090622928
532040922929
532006022930
312001322931
327006622932
332001922933
392006222934
325001522935
132006822936
372001122937
323006422938
932001722939
932300822940
352800122941
321300422942
732800722943
332300022944
329800322945
532300622946
312800922947
327300222948
332800522949
332000622950
392050922951
325000222952
132050522953
372000822954
323050122955
932000422956
352050722957
321000022958
732050322959
732007422960
332002722961
329007022962
532002322963
312007622964
327002922965
332007222966
392002522967
325007822968
132002122969
132400222970
372900522971
323400822972
932900122973
352400422974
321900722975
732400022976
332900322977
329400622978
532900922979
532010022980
312060322981
327010622982
332060922983
392010222984
325060522985
132010822986
372060122987
323010422988
932060722989
932008822990
352003122991
321008422992
732003722993
332008022994
329003322995
532008622996
312003922997
327008222998
332003522999
332007323000