352004421001
321009721002
732004021003
332009321004
329004621005
532009921006
312004221007
327009521008
332004821009
332600921010
392100221011
325600521012
132100821013
372600121014
323100421015
932600721016
352100021017
321600321018
732100621019
732030721020
332080021021
329030321022
532080621023
312030921024
327080221025
332030521026
392080821027
325030121028
132080421029
132000521030
372005821031
323000121032
932005421033
352000721034
321005021035
732000321036
332005621037
329000921038
532005221039
532700321040
312200621041
327700921042
332200221043
392700521044
325200821045
132700121046
372200421047
323700721048
932200021049
932040121050
352090421051
321040721052
732090021053
332040321054
329090621055
532040921056
312090221057
327040521058
332090821059
332001921060
392006221061
325001521062
132006821063
372001121064
323006421065
932001721066
352006021067
321001321068
732006621069
732800721070
332300021071
329800321072
532300621073
312800921074
327300221075
332800521076
392300821077
325800121078
132300421079
132050521080
372000821081
323050121082
932000421083
352050721084
321000021085
732050321086
332000621087
329050921088
532000221089
532002321090
312007621091
327002921092
332007221093
392002521094
325007821095
132002121096
372007421097
323002721098
932007021099
732002221100
332007251101
329002281102
532007211103
312002241104
327007271105
332002201106
392007231107
325002261108
132007291109
132900201110
372400231111
323900261112
932400291113
352900221114
321400251115
732900281116
332400211117
329900241118
532400271119
532060281120
312010211121
327060241122
332010271123
392060201124
325010231125
132060261126
372010291127
323060221128
932010251129
932003261130
352008291131
321003221132
732008251133
332003281134
329008211135
532003241136
312008271137
327003201138
332008231139
332000241140
392500271141
325000201142
132500231143
372000261144
323500291145
932000221146
352500251147
321000281148
732500211149
732070221150
332020251151
329070281152
532020211153
312070241154
327020271155
332070201156
392020231157
325070261158
132020291159
132004201160
372009231161
323004261162
932009291163
352004221164
321009251165
732004281166
332009211167
329004241168
532009271169
532100281170
312600211171
327100241172
332600271173
392100201174
325600231175
132100261176
372600291177
323100221178
932600251179
932080261180
352030291181
321080221182
732030251183
332080281184
329030211185
532080241186
312030271187
327080201188
332030231189
332005241190
392000271191
325005201192
132000231193
372005261194
323000291195
932005221196
352000251197
321005281198
732000211199
532005213200
312000216201
327005219202
332000212203
392005215204
325000218205
132005211206
372000214207
323005217208
932000210209
932200211210
352700214211
321200217212
732700210213
332200213214
329700216215
532200219216
312700212217
327200215218
332700218219
332090219220
392040212221
325090215222
132040218223
372090211224
323040214225
932090217226
352040210227
321090213228
732040216229
732006217230
332001210231
329006213232
532001216233
312006219234
327001212235
332006215236
392001218237
325006211238
132001214239
132300215240
372800218241
323300211242
932800214243
352300217244
321800210245
732300213246
332800216247
329300219248
532800212249
532000213250
312050216251
327000219252
332050212253
392000215254
325050218255
132000211256
372050214257
323000217258
932050210259
932007211260
352002214261
321007217262
732002210263
332007213264
329002216265
532007219266
312002212267
327007215268
332002218269
332400219270
392900212271
325400215272
132900218273
372400211274
323900214275
932400217276
352900210277
321400213278
732900216279
732010217280
332060210281
329010213282
532060216283
312010219284
327060212285
332010215286
392060218287
325010211288
132060214289
132008215290
372003218291
323008211292
932003214293
352008217294
321003210295
732008213296
332003216297
329008219298
532003212299
332008421300
392003721301
325008021302
132003321303
372008621304
323003921305
932008221306
352003521307
321008821308
732003121309
732500221310
332000521311
329500821312
532000121313
312500421314
327000721315
332500021316
392000321317
325500621318
132000921319
132020021320
372070321321
323020621322
932070921323
352020221324
321070521325
732020821326
332070121327
329020421328
532070721329
532009821330
312004121331
327009421332
332004721333
392009021334
325004321335
132009621336
372004921337
323009221338
932004521339
932600621340
352100921341
321600221342
732100521343
332600821344
329100121345
532600421346
312100721347
327600021348
332100321349
332030421350
392080721351
325030021352
132080321353
372030621354
323080921355
932030221356
352080521357
321030821358
732080121359
732000221360
332005521361
329000821362
532005121363
312000421364
327005721365
332000021366
392005321367
325000621368
132005921369
132700021370
372200321371
323700621372
932200921373
352700221374
321200521375
732700821376
332200121377
329700421378
532200721379
532040821380
312090121381
327040421382
332090721383
392040021384
325090321385
132040621386
372090921387
323040221388
932090521389
932001621390
352006921391
321001221392
732006521393
332001821394
329006121395
532001421396
312006721397
327001021398
332006321399
132001251400
372006281401
323001211402
932006241403
352001271404
321006201405
732001231406
332006261407
329001291408
532006221409
532800231410
312300261411
327800291412
332300221413
392800251414
325300281415
132800211416
372300241417
323800271418
932300201419
932050211420
352000241421
321050271422
732000201423
332050231424
329000261425
532050291426
312000221427
327050251428
332000281429
332002291430
392007221431
325002251432
132007281433
372002211434
323007241435
932002271436
352007201437
321002231438
732007261439
732900271440
332400201441
329900231442
532400261443
312900291444
327400221445
332900251446
392400281447
325900211448
132400241449
132060251450
372010281451
323060211452
932010241453
352060271454
321010201455
732060231456
332010261457
329060291458
532010221459
532003231460
312008261461
327003291462
332008221463
392003251464
325008281465
132003211466
372008241467
323003271468
932008201469
932000211470
352500241471
321000271472
732500201473
332000231474
329500261475
532000291476
312500221477
327000251478
332500281479
332070291480
392020221481
325070251482
132020281483
372070211484
323020241485
932070271486
352020201487
321070231488
732020261489
732004271490
332009201491
329004231492
532009261493
312004291494
327009221495
332004251496
392009281497
325004211498
132009241499
932004216500
352009219501
321004212502
732009215503
332004218504
329009211505
532004214506
312009217507
327004210508
332009213509
332100214510
392600217511
325100210512
132600213513
372100216514
323600219515
932100212516
352600215517
321100218518
732600211519
732080212520
332030215521
329080218522
532030211523
312080214524
327030217525
332080210526
392030213527
325080216528
132030219529
132005210530
372000213531
323005216532
932000219533
352005212534
321000215535
732005218536
332000211537
329005214538
532000217539
532200218540
312700211541
327200214542
332700217543
392200210544
325700213545
132200216546
372700219547
323200212548
932700215549
932090216550
352040219551
321090212552
732040215553
332090218554
329040211555
532090214556
312040217557
327090210558
332040213559
332006214560
392001217561
325006210562
132001213563
372006216564
323001219565
932006212566
352001215567
321006218568
732001211569
732300212570
332800215571
329300218572
532800211573
312300214574
327800217575
332300210576
392800213577
325300216578
132800219579
132000210580
372050213581
323000216582
932050219583
352000212584
321050215585
732000218586
332050211587
329000214588
532050217589
532007218590
312002211591
327007214592
332002217593
392007210594
325002213595
132007216596
372002219597
323007212598
932002215599
732007721600
332002021601
329007321602
532002621603
312007921604
327002221605
332007521606
392002821607
325007121608
132002421609
132400521610
372900821611
323400121612
932900421613
352400721614
321900021615
732400321616
332900621617
329400921618
532900221619
532010321620
312060621621
327010921622
332060221623
392010521624
325060821625
132010121626
372060421627
323010721628
932060021629
932008121630
352003421631
321008721632
732003021633
332008321634
329003621635
532008921636
312003221637
327008521638
332003821639
332500921640
392000221641
325500521642
132000821643
372500121644
323000421645
932500721646
352000021647
321500321648
732000621649
732020721650
332070021651
329020321652
532070621653
312020921654
327070221655
332020521656
392070821657
325020121658
132070421659
132009521660
372004821661
323009121662
932004421663
352009721664
321004021665
732009321666
332004621667
329009921668
532004221669
532600321670
312100621671
327600921672
332100221673
392600521674
325100821675
132600121676
372100421677
323600721678
932100021679
932030121680
352080421681
321030721682
732080021683
332030321684
329080621685
532030921686
312080221687
327030521688
332080821689
332000921690
392005221691
325000521692
132005821693
372000121694
323005421695
932000721696
352005021697
321000321698
732005621699
532000281700
312005211701
327000241702
332005271703
392000201704
325005231705
132000261706
372005291707
323000221708
932005251709
932700261710
352200291711
321700221712
732200251713
332700281714
329200211715
532700241716
312200271717
327700201718
332200231719
332040241720
392090271721
325040201722
132090231723
372040261724
323090291725
932040221726
352090251727
321040281728
732090211729
732001221730
332006251731
329001281732
532006211733
312001241734
327006271735
332001201736
392006231737
325001261738
132006291739
132800201740
372300231741
323800261742
932300291743
352800221744
321300251745
732800281746
332300211747
329800241748
532300271749
532050281750
312000211751
327050241752
332000271753
392050201754
325000231755
132050261756
372000291757
323050221758
932000251759
932002261760
352007291761
321002221762
732007251763
332002281764
329007211765
532002241766
312007271767
327002201768
332007231769
332900241770
392400271771
325900201772
132400231773
372900261774
323400291775
932900221776
352400251777
321900281778
732400211779
732060221780
332010251781
329060281782
532010211783
312060241784
327010271785
332060201786
392010231787
325060261788
132010291789
132003201790
372008231791
323003261792
932008291793
352003221794
321008251795
732003281796
332008211797
329003241798
532008271799
332003219800
392008212801
325003215802
132008218803
372003211804
323008214805
932003217806
352008210807
321003213808
732008216809
732000217810
332500210811
329000213812
532500216813
312000219814
327500212815
332000215816
392500218817
325000211818
132500214819
132070215820
372020218821
323070211822
932020214823
352070217824
321020210825
732070213826
332020216827
329070219828
532020212829
532004213830
312009216831
327004219832
332009212833
392004215834
325009218835
132004211836
372009214837
323004217838
932009210839
932100211840
352600214841
321100217842
732600210843
332100213844
329600216845
532100219846
312600212847
327100215848
332600218849
332080219850
392030212851
325080215852
132030218853
372080211854
323030214855
932080217856
352030210857
321080213858
732030216859
732005217860
332000210861
329005213862
532000216863
312005219864
327000212865
332005215866
392000218867
325005211868
132000214869
132200215870
372700218871
323200211872
932700214873
352200217874
321700210875
732200213876
332700216877
329200219878
532700212879
532090213880
312040216881
327090219882
332040212883
392090215884
325040218885
132090211886
372040214887
323090217888
932040210889
932006211890
352001214891
321006217892
732001210893
332006213894
329001216895
532006219896
312001212897
327006215898
332001218899
132006021900
372001321901
323006621902
932001921903
352006221904
321001521905
732006821906
332001121907
329006421908
532001721909
532300821910
312800121911
327300421912
332800721913
392300021914
325800321915
132300621916
372800921917
323300221918
932800521919
932000621920
352050921921
321000221922
732050521923
332000821924
329050121925
532000421926
312050721927
327000021928
332050321929
332007421930
392002721931
325007021932
132002321933
372007621934
323002921935
932007221936
352002521937
321007821938
732002121939
732400221940
332900521941
329400821942
532900121943
312400421944
327900721945
332400021946
392900321947
325400621948
132900921949
132010021950
372060321951
323010621952
932060921953
352010221954
321060521955
732010821956
332060121957
329010421958
532060721959
532008821960
312003121961
327008421962
332003721963
392008021964
325003321965
132008621966
372003921967
323008221968
932003521969
932500621970
352000921971
321500221972
732000521973
332500821974
329000121975
532500421976
312000721977
327500021978
332000321979
332020421980
392070721981
325020021982
132070321983
372020621984
323070921985
932020221986
352070521987
321020821988
732070121989
732009221990
332004521991
329009821992
532004121993
312009421994
327004721995
332009021996
392004321997
325009621998
132004921999
132008722000