312006229001
327001529002
332006829003
392001129004
325006429005
132001729006
372006029007
323001329008
932006629009
932800729010
352300029011
321800329012
732300629013
332800929014
329300229015
532800529016
312300829017
327800129018
332300429019
332050529020
392000829021
325050129022
132000429023
372050729024
323000029025
932050329026
352000629027
321050929028
732000229029
732002329030
332007629031
329002929032
532007229033
312002529034
327007829035
332002129036
392007429037
325002729038
132007029039
132900129040
372400429041
323900729042
932400029043
352900329044
321400629045
732900929046
332400229047
329900529048
532400829049
532060929050
312010229051
327060529052
332010829053
392060129054
325010429055
132060729056
372010029057
323060329058
932010629059
932003729060
352008029061
321003329062
732008629063
332003929064
329008229065
532003529066
312008829067
327003129068
332008429069
332000529070
392500829071
325000129072
132500429073
372000729074
323500029075
932000329076
352500629077
321000929078
732500229079
732070329080
332020629081
329070929082
532020229083
312070529084
327020829085
332070129086
392020429087
325070729088
132020029089
132004129090
372009429091
323004729092
932009029093
352004329094
321009629095
732004929096
332009229097
329004529098
532009829099
332004209100
392009239101
325004269102
132009299103
372004229104
323009259105
932004289106
352009219107
321004249108
732009279109
732100289110
332600219111
329100249112
532600279113
312100209114
327600239115
332100269116
392600299117
325100229118
132600259119
132080269120
372030299121
323080229122
932030259123
352080289124
321030219125
732080249126
332030279127
329080209128
532030239129
532005249130
312000279131
327005209132
332000239133
392005269134
325000299135
132005229136
372000259137
323005289138
932000219139
932200229140
352700259141
321200289142
732700219143
332200249144
329700279145
532200209146
312700239147
327200269148
332700299149
332090209150
392040239151
325090269152
132040299153
372090229154
323040259155
932090289156
352040219157
321090249158
732040279159
732006289160
332001219161
329006249162
532001279163
312006209164
327001239165
332006269166
392001299167
325006229168
132001259169
132300269170
372800299171
323300229172
932800259173
352300289174
321800219175
732300249176
332800279177
329300209178
532800239179
532000249180
312050279181
327000209182
332050239183
392000269184
325050299185
132000229186
372050259187
323000289188
932050219189
932007229190
352002259191
321007289192
732002219193
332007249194
329002279195
532007209196
312002239197
327007269198
332002299199
132007291200
372002294201
323007297202
932002290203
352007293204
321002296205
732007299206
332002292207
329007295208
532002298209
532400299210
312900292211
327400295212
332900298213
392400291214
325900294215
132400297216
372900290217
323400293218
932900296219
932010297220
352060290221
321010293222
732060296223
332010299224
329060292225
532010295226
312060298227
327010291228
332060294229
332008295230
392003298231
325008291232
132003294233
372008297234
323003290235
932008293236
352003296237
321008299238
732003292239
732500293240
332000296241
329500299242
532000292243
312500295244
327000298245
332500291246
392000294247
325500297248
132000290249
132020291250
372070294251
323020297252
932070290253
352020293254
321070296255
732020299256
332070292257
329020295258
532070298259
532009299260
312004292261
327009295262
332004298263
392009291264
325004294265
132009297266
372004290267
323009293268
932004296269
932600297270
352100290271
321600293272
732100296273
332600299274
329100292275
532600295276
312100298277
327600291278
332100294279
332030295280
392080298281
325030291282
132080294283
372030297284
323080290285
932030293286
352080296287
321030299288
732080292289
732000293290
332005296291
329000299292
532005292293
312000295294
327005298295
332000291296
392005294297
325000297298
132005290299
932000229300
352005529301
321000829302
732005129303
332000429304
329005729305
532000029306
312005329307
327000629308
332005929309
332700029310
392200329311
325700629312
132200929313
372700229314
323200529315
932700829316
352200129317
321700429318
732200729319
732040829320
332090129321
329040429322
532090729323
312040029324
327090329325
332040629326
392090929327
325040229328
132090529329
132001629330
372006929331
323001229332
932006529333
352001829334
321006129335
732001429336
332006729337
329001029338
532006329339
532800429340
312300729341
327800029342
332300329343
392800629344
325300929345
132800229346
372300529347
323800829348
932300129349
932050229350
352000529351
321050829352
732000129353
332050429354
329000729355
532050029356
312000329357
327050629358
332000929359
332002029360
392007329361
325002629362
132007929363
372002229364
323007529365
932002829366
352007129367
321002429368
732007729369
732900829370
332400129371
329900429372
532400729373
312900029374
327400329375
332900629376
392400929377
325900229378
132400529379
132060629380
372010929381
323060229382
932010529383
352060829384
321010129385
732060429386
332010729387
329060029388
532010329389
532003429390
312008729391
327003029392
332008329393
392003629394
325008929395
132003229396
372008529397
323003829398
932008129399
732003239400
332008269401
329003299402
532008229403
312003259404
327008289405
332003219406
392008249407
325003279408
132008209409
132000219410
372500249411
323000279412
932500209413
352000239414
321500269415
732000299416
332500229417
329000259418
532500289419
532070299420
312020229421
327070259422
332020289423
392070219424
325020249425
132070279426
372020209427
323070239428
932020269429
932004279430
352009209431
321004239432
732009269433
332004299434
329009229435
532004259436
312009289437
327004219438
332009249439
332100259440
392600289441
325100219442
132600249443
372100279444
323600209445
932100239446
352600269447
321100299448
732600229449
732080239450
332030269451
329080299452
532030229453
312080259454
327030289455
332080219456
392030249457
325080279458
132030209459
132005219460
372000249461
323005279462
932000209463
352005239464
321000269465
732005299466
332000229467
329005259468
532000289469
532200299470
312700229471
327200259472
332700289473
392200219474
325700249475
132200279476
372700209477
323200239478
932700269479
932090279480
352040209481
321090239482
732040269483
332090299484
329040229485
532090259486
312040289487
327090219488
332040249489
332006259490
392001289491
325006219492
132001249493
372006279494
323001209495
932006239496
352001269497
321006299498
732001229499
532006294500
312001297501
327006290502
332001293503
392006296504
325001299505
132006292506
372001295507
323006298508
932001291509
932300292510
352800295511
321300298512
732800291513
332300294514
329800297515
532300290516
312800293517
327300296518
332800299519
332000290520
392050293521
325000296522
132050299523
372000292524
323050295525
932000298526
352050291527
321000294528
732050297529
732007298530
332002291531
329007294532
532002297533
312007290534
327002293535
332007296536
392002299537
325007292538
132002295539
132400296540
372900299541
323400292542
932900295543
352400298544
321900291545
732400294546
332900297547
329400290548
532900293549
532010294550
312060297551
327010290552
332060293553
392010296554
325060299555
132010292556
372060295557
323010298558
932060291559
932008292560
352003295561
321008298562
732003291563
332008294564
329003297565
532008290566
312003293567
327008296568
332003299569
332500290570
392000293571
325500296572
132000299573
372500292574
323000295575
932500298576
352000291577
321500294578
732000297579
732020298580
332070291581
329020294582
532070297583
312020290584
327070293585
332020296586
392070299587
325020292588
132070295589
132009296590
372004299591
323009292592
932004295593
352009298594
321004291595
732009294596
332004297597
329009290598
532004293599
332009529600
392004829601
325009129602
132004429603
372009729604
323004029605
932009329606
352004629607
321009929608
732004229609
732600329610
332100629611
329600929612
532100229613
312600529614
327100829615
332600129616
392100429617
325600729618
132100029619
132030129620
372080429621
323030729622
932080029623
352030329624
321080629625
732030929626
332080229627
329030529628
532080829629
532000929630
312005229631
327000529632
332005829633
392000129634
325005429635
132000729636
372005029637
323000329638
932005629639
932700729640
352200029641
321700329642
732200629643
332700929644
329200229645
532700529646
312200829647
327700129648
332200429649
332040529650
392090829651
325040129652
132090429653
372040729654
323090029655
932040329656
352090629657
321040929658
732090229659
732001329660
332006629661
329001929662
532006229663
312001529664
327006829665
332001129666
392006429667
325001729668
132006029669
132800129670
372300429671
323800729672
932300029673
352800329674
321300629675
732800929676
332300229677
329800529678
532300829679
532050929680
312000229681
327050529682
332000829683
392050129684
325000429685
132050729686
372000029687
323050329688
932000629689
932002729690
352007029691
321002329692
732007629693
332002929694
329007229695
532002529696
312007829697
327002129698
332007429699
132002269700
372007299701
323002229702
932007259703
352002289704
321007219705
732002249706
332007279707
329002209708
532007239709
532900249710
312400279711
327900209712
332400239713
392900269714
325400299715
132900229716
372400259717
323900289718
932400219719
932060229720
352010259721
321060289722
732010219723
332060249724
329010279725
532060209726
312010239727
327060269728
332010299729
332003209730
392008239731
325003269732
132008299733
372003229734
323008259735
932003289736
352008219737
321003249738
732008279739
732000289740
332500219741
329000249742
532500279743
312000209744
327500239745
332000269746
392500299747
325000229748
132500259749
132070269750
372020299751
323070229752
932020259753
352070289754
321020219755
732070249756
332020279757
329070209758
532020239759
532004249760
312009279761
327004209762
332009239763
392004269764
325009299765
132004229766
372009259767
323004289768
932009219769
932100229770
352600259771
321100289772
732600219773
332100249774
329600279775
532100209776
312600239777
327100269778
332600299779
332080209780
392030239781
325080269782
132030299783
372080229784
323030259785
932080289786
352030219787
321080249788
732030279789
732005289790
332000219791
329005249792
532000279793
312005209794
327000239795
332005269796
392000299797
325005229798
132000259799
932005297800
352000290801
321005293802
732000296803
332005299804
329000292805
532005295806
312000298807
327005291808
332000294809
332200295810
392700298811
325200291812
132700294813
372200297814
323700290815
932200293816
352700296817
321200299818
732700292819
732090293820
332040296821
329090299822
532040292823
312090295824
327040298825
332090291826
392040294827
325090297828
132040290829
132006291830
372001294831
323006297832
932001290833
352006293834
321001296835
732006299836
332001292837
329006295838
532001298839
532300299840
312800292841
327300295842
332800298843
392300291844
325800294845
132300297846
372800290847
323300293848
932800296849
932000297850
352050290851
321000293852
732050296853
332000299854
329050292855
532000295856
312050298857
327000291858
332050294859
332007295860
392002298861
325007291862
132002294863
372007297864
323002290865
932007293866
352002296867
321007299868
732002292869
732400293870
332900296871
329400299872
532900292873
312400295874
327900298875
332400291876
392900294877
325400297878
132900290879
132010291880
372060294881
323010297882
932060290883
352010293884
321060296885
732010299886
332060292887
329010295888
532060298889
532008299890
312003292891
327008295892
332003298893
392008291894
325003294895
132008297896
372003290897
323008293898
932003296899
732008829900
332003129901
329008429902
532003729903
312008029904
327003329905
332008629906
392003929907
325008229908
132003529909
132500629910
372000929911
323500229912
932000529913
352500829914
321000129915
732500429916
332000729917
329500029918
532000329919
532020429920
312070729921
327020029922
332070329923
392020629924
325070929925
132020229926
372070529927
323020829928
932070129929
932009229930
352004529931
321009829932
732004129933
332009429934
329004729935
532009029936
312004329937
327009629938
332004929939
332600029940
392100329941
325600629942
132100929943
372600229944
323100529945
932600829946
352100129947
321600429948
732100729949
732030829950
332080129951
329030429952
532080729953
312030029954
327080329955
332030629956
392080929957
325030229958
132080529959
132000629960
372005929961
323000229962
932005529963
352000829964
321005129965
732000429966
332005729967
329000029968
532005329969
532700429970
312200729971
327700029972
332200329973
392700629974
325200929975
132700229976
372200529977
323700829978
932200129979
932040229980
352090529981
321040829982
732090129983
332040429984
329090729985
532040029986
312090329987
327040629988
332090929989
332001029990
392006329991
325001629992
132006929993
372001229994
323006529995
932001829996
352006129997
321001429998
732006729999
232001930000