382006230001
324001530002
032006830003
362001130004
322006430005
832001730006
342006030007
320001330008
632006630009
632800730010
322300030011
328800330012
432300630013
302800930014
326300230015
232800530016
382300830017
324800130018
032300430019
032050530020
362000830021
322050130022
832000430023
342050730024
320000030025
632050330026
322000630027
328050930028
432000230029
432002330030
302007630031
326002930032
232007230033
382002530034
324007830035
032002130036
362007430037
322002730038
832007030039
832900130040
342400430041
320900730042
632400030043
322900330044
328400630045
432900930046
302400230047
326900530048
232400830049
232060930050
382010230051
324060530052
032010830053
362060130054
322010430055
832060730056
342010030057
320060330058
632010630059
632003730060
322008030061
328003330062
432008630063
302003930064
326008230065
232003530066
382008830067
324003130068
032008430069
032000530070
362500830071
322000130072
832500430073
342000730074
320500030075
632000330076
322500630077
328000930078
432500230079
432070330080
302020630081
326070930082
232020230083
382070530084
324020830085
032070130086
362020430087
322070730088
832020030089
832004130090
342009430091
320004730092
632009030093
322004330094
328009630095
432004930096
302009230097
326004530098
232009830099
032004300100
362009330101
322004360102
832009390103
342004320104
320009350105
632004380106
322009310107
328004340108
432009370109
432100380110
302600310111
326100340112
232600370113
382100300114
324600330115
032100360116
362600390117
322100320118
832600350119
832080360120
342030390121
320080320122
632030350123
322080380124
328030310125
432080340126
302030370127
326080300128
232030330129
232005340130
382000370131
324005300132
032000330133
362005360134
322000390135
832005320136
342000350137
320005380138
632000310139
632200320140
322700350141
328200380142
432700310143
302200340144
326700370145
232200300146
382700330147
324200360148
032700390149
032090300150
362040330151
322090360152
832040390153
342090320154
320040350155
632090380156
322040310157
328090340158
432040370159
432006380160
302001310161
326006340162
232001370163
382006300164
324001330165
032006360166
362001390167
322006320168
832001350169
832300360170
342800390171
320300320172
632800350173
322300380174
328800310175
432300340176
302800370177
326300300178
232800330179
232000340180
382050370181
324000300182
032050330183
362000360184
322050390185
832000320186
342050350187
320000380188
632050310189
632007320190
322002350191
328007380192
432002310193
302007340194
326002370195
232007300196
382002330197
324007360198
032002390199
832007301200
342002304201
320007307202
632002300203
322007303204
328002306205
432007309206
302002302207
326007305208
232002308209
232400309210
382900302211
324400305212
032900308213
362400301214
322900304215
832400307216
342900300217
320400303218
632900306219
632010307220
322060300221
328010303222
432060306223
302010309224
326060302225
232010305226
382060308227
324010301228
032060304229
032008305230
362003308231
322008301232
832003304233
342008307234
320003300235
632008303236
322003306237
328008309238
432003302239
432500303240
302000306241
326500309242
232000302243
382500305244
324000308245
032500301246
362000304247
322500307248
832000300249
832020301250
342070304251
320020307252
632070300253
322020303254
328070306255
432020309256
302070302257
326020305258
232070308259
232009309260
382004302261
324009305262
032004308263
362009301264
322004304265
832009307266
342004300267
320009303268
632004306269
632600307270
322100300271
328600303272
432100306273
302600309274
326100302275
232600305276
382100308277
324600301278
032100304279
032030305280
362080308281
322030301282
832080304283
342030307284
320080300285
632030303286
322080306287
328030309288
432080302289
432000303290
302005306291
326000309292
232005302293
382000305294
324005308295
032000301296
362005304297
322000307298
832005300299
632000230300
322005530301
328000830302
432005130303
302000430304
326005730305
232000030306
382005330307
324000630308
032005930309
032700030310
362200330311
322700630312
832200930313
342700230314
320200530315
632700830316
322200130317
328700430318
432200730319
432040830320
302090130321
326040430322
232090730323
382040030324
324090330325
032040630326
362090930327
322040230328
832090530329
832001630330
342006930331
320001230332
632006530333
322001830334
328006130335
432001430336
302006730337
326001030338
232006330339
232800430340
382300730341
324800030342
032300330343
362800630344
322300930345
832800230346
342300530347
320800830348
632300130349
632050230350
322000530351
328050830352
432000130353
302050430354
326000730355
232050030356
382000330357
324050630358
032000930359
032002030360
362007330361
322002630362
832007930363
342002230364
320007530365
632002830366
322007130367
328002430368
432007730369
432900830370
302400130371
326900430372
232400730373
382900030374
324400330375
032900630376
362400930377
322900230378
832400530379
832060630380
342010930381
320060230382
632010530383
322060830384
328010130385
432060430386
302010730387
326060030388
232010330389
232003430390
382008730391
324003030392
032008330393
362003630394
322008930395
832003230396
342008530397
320003830398
632008130399
432003330400
302008360401
326003390402
232008320403
382003350404
324008380405
032003310406
362008340407
322003370408
832008300409
832000310410
342500340411
320000370412
632500300413
322000330414
328500360415
432000390416
302500320417
326000350418
232500380419
232070390420
382020320421
324070350422
032020380423
362070310424
322020340425
832070370426
342020300427
320070330428
632020360429
632004370430
322009300431
328004330432
432009360433
302004390434
326009320435
232004350436
382009380437
324004310438
032009340439
032100350440
362600380441
322100310442
832600340443
342100370444
320600300445
632100330446
322600360447
328100390448
432600320449
432080330450
302030360451
326080390452
232030320453
382080350454
324030380455
032080310456
362030340457
322080370458
832030300459
832005310460
342000340461
320005370462
632000300463
322005330464
328000360465
432005390466
302000320467
326005350468
232000380469
232200390470
382700320471
324200350472
032700380473
362200310474
322700340475
832200370476
342700300477
320200330478
632700360479
632090370480
322040300481
328090330482
432040360483
302090390484
326040320485
232090350486
382040380487
324090310488
032040340489
032006350490
362001380491
322006310492
832001340493
342006370494
320001300495
632006330496
322001360497
328006390498
432001320499
232006304500
382001307501
324006300502
032001303503
362006306504
322001309505
832006302506
342001305507
320006308508
632001301509
632300302510
322800305511
328300308512
432800301513
302300304514
326800307515
232300300516
382800303517
324300306518
032800309519
032000300520
362050303521
322000306522
832050309523
342000302524
320050305525
632000308526
322050301527
328000304528
432050307529
432007308530
302002301531
326007304532
232002307533
382007300534
324002303535
032007306536
362002309537
322007302538
832002305539
832400306540
342900309541
320400302542
632900305543
322400308544
328900301545
432400304546
302900307547
326400300548
232900303549
232010304550
382060307551
324010300552
032060303553
362010306554
322060309555
832010302556
342060305557
320010308558
632060301559
632008302560
322003305561
328008308562
432003301563
302008304564
326003307565
232008300566
382003303567
324008306568
032003309569
032500300570
362000303571
322500306572
832000309573
342500302574
320000305575
632500308576
322000301577
328500304578
432000307579
432020308580
302070301581
326020304582
232070307583
382020300584
324070303585
032020306586
362070309587
322020302588
832070305589
832009306590
342004309591
320009302592
632004305593
322009308594
328004301595
432009304596
302004307597
326009300598
232004303599
032009530600
362004830601
322009130602
832004430603
342009730604
320004030605
632009330606
322004630607
328009930608
432004230609
432600330610
302100630611
326600930612
232100230613
382600530614
324100830615
032600130616
362100430617
322600730618
832100030619
832030130620
342080430621
320030730622
632080030623
322030330624
328080630625
432030930626
302080230627
326030530628
232080830629
232000930630
382005230631
324000530632
032005830633
362000130634
322005430635
832000730636
342005030637
320000330638
632005630639
632700730640
322200030641
328700330642
432200630643
302700930644
326200230645
232700530646
382200830647
324700130648
032200430649
032040530650
362090830651
322040130652
832090430653
342040730654
320090030655
632040330656
322090630657
328040930658
432090230659
432001330660
302006630661
326001930662
232006230663
382001530664
324006830665
032001130666
362006430667
322001730668
832006030669
832800130670
342300430671
320800730672
632300030673
322800330674
328300630675
432800930676
302300230677
326800530678
232300830679
232050930680
382000230681
324050530682
032000830683
362050130684
322000430685
832050730686
342000030687
320050330688
632000630689
632002730690
322007030691
328002330692
432007630693
302002930694
326007230695
232002530696
382007830697
324002130698
032007430699
832002360700
342007390701
320002320702
632007350703
322002380704
328007310705
432002340706
302007370707
326002300708
232007330709
232900340710
382400370711
324900300712
032400330713
362900360714
322400390715
832900320716
342400350717
320900380718
632400310719
632060320720
322010350721
328060380722
432010310723
302060340724
326010370725
232060300726
382010330727
324060360728
032010390729
032003300730
362008330731
322003360732
832008390733
342003320734
320008350735
632003380736
322008310737
328003340738
432008370739
432000380740
302500310741
326000340742
232500370743
382000300744
324500330745
032000360746
362500390747
322000320748
832500350749
832070360750
342020390751
320070320752
632020350753
322070380754
328020310755
432070340756
302020370757
326070300758
232020330759
232004340760
382009370761
324004300762
032009330763
362004360764
322009390765
832004320766
342009350767
320004380768
632009310769
632100320770
322600350771
328100380772
432600310773
302100340774
326600370775
232100300776
382600330777
324100360778
032600390779
032080300780
362030330781
322080360782
832030390783
342080320784
320030350785
632080380786
322030310787
328080340788
432030370789
432005380790
302000310791
326005340792
232000370793
382005300794
324000330795
032005360796
362000390797
322005320798
832000350799
632005307800
322000300801
328005303802
432000306803
302005309804
326000302805
232005305806
382000308807
324005301808
032000304809
032200305810
362700308811
322200301812
832700304813
342200307814
320700300815
632200303816
322700306817
328200309818
432700302819
432090303820
302040306821
326090309822
232040302823
382090305824
324040308825
032090301826
362040304827
322090307828
832040300829
832006301830
342001304831
320006307832
632001300833
322006303834
328001306835
432006309836
302001302837
326006305838
232001308839
232300309840
382800302841
324300305842
032800308843
362300301844
322800304845
832300307846
342800300847
320300303848
632800306849
632000307850
322050300851
328000303852
432050306853
302000309854
326050302855
232000305856
382050308857
324000301858
032050304859
032007305860
362002308861
322007301862
832002304863
342007307864
320002300865
632007303866
322002306867
328007309868
432002302869
432400303870
302900306871
326400309872
232900302873
382400305874
324900308875
032400301876
362900304877
322400307878
832900300879
832010301880
342060304881
320010307882
632060300883
322010303884
328060306885
432010309886
302060302887
326010305888
232060308889
232008309890
382003302891
324008305892
032003308893
362008301894
322003304895
832008307896
342003300897
320008303898
632003306899
432008830900
302003130901
326008430902
232003730903
382008030904
324003330905
032008630906
362003930907
322008230908
832003530909
832500630910
342000930911
320500230912
632000530913
322500830914
328000130915
432500430916
302000730917
326500030918
232000330919
232020430920
382070730921
324020030922
032070330923
362020630924
322070930925
832020230926
342070530927
320020830928
632070130929
632009230930
322004530931
328009830932
432004130933
302009430934
326004730935
232009030936
382004330937
324009630938
032004930939
032600030940
362100330941
322600630942
832100930943
342600230944
320100530945
632600830946
322100130947
328600430948
432100730949
432030830950
302080130951
326030430952
232080730953
382030030954
324080330955
032030630956
362080930957
322030230958
832080530959
832000630960
342005930961
320000230962
632005530963
322000830964
328005130965
432000430966
302005730967
326000030968
232005330969
232700430970
382200730971
324700030972
032200330973
362700630974
322200930975
832700230976
342200530977
320700830978
632200130979
632040230980
322090530981
328040830982
432090130983
302040430984
326090730985
232040030986
382090330987
324040630988
032090930989
032001030990
362006330991
322001630992
832006930993
342001230994
320006530995
632001830996
322006130997
328001430998
432006730999
432000531000