362009459001
322004759002
832009059003
342004359004
320009659005
632004959006
322009259007
328004559008
432009859009
432100959010
302600259011
326100559012
232600859013
382100159014
324600459015
032100759016
362600059017
322100359018
832600659019
832080759020
342030059021
320080359022
632030659023
322080959024
328030259025
432080559026
302030859027
326080159028
232030459029
232005559030
382000859031
324005159032
032000459033
362005759034
322000059035
832005359036
342000659037
320005959038
632000259039
632200359040
322700659041
328200959042
432700259043
302200559044
326700859045
232200159046
382700459047
324200759048
032700059049
032090159050
362040459051
322090759052
832040059053
342090359054
320040659055
632090959056
322040259057
328090559058
432040859059
432006959060
302001259061
326006559062
232001859063
382006159064
324001459065
032006759066
362001059067
322006359068
832001659069
832300759070
342800059071
320300359072
632800659073
322300959074
328800259075
432300559076
302800859077
326300159078
232800459079
232000559080
382050859081
324000159082
032050459083
362000759084
322050059085
832000359086
342050659087
320000959088
632050259089
632007359090
322002659091
328007959092
432002259093
302007559094
326002859095
232007159096
382002459097
324007759098
032002059099
832007529100
342002559101
320007589102
632002519103
322007549104
328002579105
432007509106
302002539107
326007569108
232002599109
232400509110
382900539111
324400569112
032900599113
362400529114
322900559115
832400589116
342900519117
320400549118
632900579119
632010589120
322060519121
328010549122
432060579123
302010509124
326060539125
232010569126
382060599127
324010529128
032060559129
032008569130
362003599131
322008529132
832003559133
342008589134
320003519135
632008549136
322003579137
328008509138
432003539139
432500549140
302000579141
326500509142
232000539143
382500569144
324000599145
032500529146
362000559147
322500589148
832000519149
832020529150
342070559151
320020589152
632070519153
322020549154
328070579155
432020509156
302070539157
326020569158
232070599159
232009509160
382004539161
324009569162
032004599163
362009529164
322004559165
832009589166
342004519167
320009549168
632004579169
632600589170
322100519171
328600549172
432100579173
302600509174
326100539175
232600569176
382100599177
324600529178
032100559179
032030569180
362080599181
322030529182
832080559183
342030589184
320080519185
632030549186
322080579187
328030509188
432080539189
432000549190
302005579191
326000509192
232005539193
382000569194
324005599195
032000529196
362005559197
322000589198
832005519199
632000593200
322005596201
328000599202
432005592203
302000595204
326005598205
232000591206
382005594207
324000597208
032005590209
032700591210
362200594211
322700597212
832200590213
342700593214
320200596215
632700599216
322200592217
328700595218
432200598219
432040599220
302090592221
326040595222
232090598223
382040591224
324090594225
032040597226
362090590227
322040593228
832090596229
832001597230
342006590231
320001593232
632006596233
322001599234
328006592235
432001595236
302006598237
326001591238
232006594239
232800595240
382300598241
324800591242
032300594243
362800597244
322300590245
832800593246
342300596247
320800599248
632300592249
632050593250
322000596251
328050599252
432000592253
302050595254
326000598255
232050591256
382000594257
324050597258
032000590259
032002591260
362007594261
322002597262
832007590263
342002593264
320007596265
632002599266
322007592267
328002595268
432007598269
432900599270
302400592271
326900595272
232400598273
382900591274
324400594275
032900597276
362400590277
322900593278
832400596279
832060597280
342010590281
320060593282
632010596283
322060599284
328010592285
432060595286
302010598287
326060591288
232010594289
232003595290
382008598291
324003591292
032008594293
362003597294
322008590295
832003593296
342008596297
320003599298
632008592299
432003459300
302008759301
326003059302
232008359303
382003659304
324008959305
032003259306
362008559307
322003859308
832008159309
832000259310
342500559311
320000859312
632500159313
322000459314
328500759315
432000059316
302500359317
326000659318
232500959319
232070059320
382020359321
324070659322
032020959323
362070259324
322020559325
832070859326
342020159327
320070459328
632020759329
632004859330
322009159331
328004459332
432009759333
302004059334
326009359335
232004659336
382009959337
324004259338
032009559339
032100659340
362600959341
322100259342
832600559343
342100859344
320600159345
632100459346
322600759347
328100059348
432600359349
432080459350
302030759351
326080059352
232030359353
382080659354
324030959355
032080259356
362030559357
322080859358
832030159359
832005259360
342000559361
320005859362
632000159363
322005459364
328000759365
432005059366
302000359367
326005659368
232000959369
232200059370
382700359371
324200659372
032700959373
362200259374
322700559375
832200859376
342700159377
320200459378
632700759379
632090859380
322040159381
328090459382
432040759383
302090059384
326040359385
232090659386
382040959387
324090259388
032040559389
032006659390
362001959391
322006259392
832001559393
342006859394
320001159395
632006459396
322001759397
328006059398
432001359399
232006559400
382001589401
324006519402
032001549403
362006579404
322001509405
832006539406
342001569407
320006599408
632001529409
632300539410
322800569411
328300599412
432800529413
302300559414
326800589415
232300519416
382800549417
324300579418
032800509419
032000519420
362050549421
322000579422
832050509423
342000539424
320050569425
632000599426
322050529427
328000559428
432050589429
432007599430
302002529431
326007559432
232002589433
382007519434
324002549435
032007579436
362002509437
322007539438
832002569439
832400579440
342900509441
320400539442
632900569443
322400599444
328900529445
432400559446
302900589447
326400519448
232900549449
232010559450
382060589451
324010519452
032060549453
362010579454
322060509455
832010539456
342060569457
320010599458
632060529459
632008539460
322003569461
328008599462
432003529463
302008559464
326003589465
232008519466
382003549467
324008579468
032003509469
032500519470
362000549471
322500579472
832000509473
342500539474
320000569475
632500599476
322000529477
328500559478
432000589479
432020599480
302070529481
326020559482
232070589483
382020519484
324070549485
032020579486
362070509487
322020539488
832070569489
832009579490
342004509491
320009539492
632004569493
322009599494
328004529495
432009559496
302004589497
326009519498
232004549499
032009596500
362004599501
322009592502
832004595503
342009598504
320004591505
632009594506
322004597507
328009590508
432004593509
432600594510
302100597511
326600590512
232100593513
382600596514
324100599515
032600592516
362100595517
322600598518
832100591519
832030592520
342080595521
320030598522
632080591523
322030594524
328080597525
432030590526
302080593527
326030596528
232080599529
232000590530
382005593531
324000596532
032005599533
362000592534
322005595535
832000598536
342005591537
320000594538
632005597539
632700598540
322200591541
328700594542
432200597543
302700590544
326200593545
232700596546
382200599547
324700592548
032200595549
032040596550
362090599551
322040592552
832090595553
342040598554
320090591555
632040594556
322090597557
328040590558
432090593559
432001594560
302006597561
326001590562
232006593563
382001596564
324006599565
032001592566
362006595567
322001598568
832006591569
832800592570
342300595571
320800598572
632300591573
322800594574
328300597575
432800590576
302300593577
326800596578
232300599579
232050590580
382000593581
324050596582
032000599583
362050592584
322000595585
832050598586
342000591587
320050594588
632000597589
632002598590
322007591591
328002594592
432007597593
302002590594
326007593595
232002596596
382007599597
324002592598
032007595599
832002759600
342007059601
320002359602
632007659603
322002959604
328007259605
432002559606
302007859607
326002159608
232007459609
232900559610
382400859611
324900159612
032400459613
362900759614
322400059615
832900359616
342400659617
320900959618
632400259619
632060359620
322010659621
328060959622
432010259623
302060559624
326010859625
232060159626
382010459627
324060759628
032010059629
032003159630
362008459631
322003759632
832008059633
342003359634
320008659635
632003959636
322008259637
328003559638
432008859639
432000959640
302500259641
326000559642
232500859643
382000159644
324500459645
032000759646
362500059647
322000359648
832500659649
832070759650
342020059651
320070359652
632020659653
322070959654
328020259655
432070559656
302020859657
326070159658
232020459659
232004559660
382009859661
324004159662
032009459663
362004759664
322009059665
832004359666
342009659667
320004959668
632009259669
632100359670
322600659671
328100959672
432600259673
302100559674
326600859675
232100159676
382600459677
324100759678
032600059679
032080159680
362030459681
322080759682
832030059683
342080359684
320030659685
632080959686
322030259687
328080559688
432030859689
432005959690
302000259691
326005559692
232000859693
382005159694
324000459695
032005759696
362000059697
322005359698
832000659699
632005589700
322000519701
328005549702
432000579703
302005509704
326000539705
232005569706
382000599707
324005529708
032000559709
032200569710
362700599711
322200529712
832700559713
342200589714
320700519715
632200549716
322700579717
328200509718
432700539719
432090549720
302040579721
326090509722
232040539723
382090569724
324040599725
032090529726
362040559727
322090589728
832040519729
832006529730
342001559731
320006589732
632001519733
322006549734
328001579735
432006509736
302001539737
326006569738
232001599739
232300509740
382800539741
324300569742
032800599743
362300529744
322800559745
832300589746
342800519747
320300549748
632800579749
632000589750
322050519751
328000549752
432050579753
302000509754
326050539755
232000569756
382050599757
324000529758
032050559759
032007569760
362002599761
322007529762
832002559763
342007589764
320002519765
632007549766
322002579767
328007509768
432002539769
432400549770
302900579771
326400509772
232900539773
382400569774
324900599775
032400529776
362900559777
322400589778
832900519779
832010529780
342060559781
320010589782
632060519783
322010549784
328060579785
432010509786
302060539787
326010569788
232060599789
232008509790
382003539791
324008569792
032003599793
362008529794
322003559795
832008589796
342003519797
320008549798
632003579799
432008599800
302003592801
326008595802
232003598803
382008591804
324003594805
032008597806
362003590807
322008593808
832003596809
832500597810
342000590811
320500593812
632000596813
322500599814
328000592815
432500595816
302000598817
326500591818
232000594819
232020595820
382070598821
324020591822
032070594823
362020597824
322070590825
832020593826
342070596827
320020599828
632070592829
632009593830
322004596831
328009599832
432004592833
302009595834
326004598835
232009591836
382004594837
324009597838
032004590839
032600591840
362100594841
322600597842
832100590843
342600593844
320100596845
632600599846
322100592847
328600595848
432100598849
432030599850
302080592851
326030595852
232080598853
382030591854
324080594855
032030597856
362080590857
322030593858
832080596859
832000597860
342005590861
320000593862
632005596863
322000599864
328005592865
432000595866
302005598867
326000591868
232005594869
232700595870
382200598871
324700591872
032200594873
362700597874
322200590875
832700593876
342200596877
320700599878
632200592879
632040593880
322090596881
328040599882
432090592883
302040595884
326090598885
232040591886
382090594887
324040597888
032090590889
032001591890
362006594891
322001597892
832006590893
342001593894
320006596895
632001599896
322006592897
328001595898
432006598899
232001059900
382006359901
324001659902
032006959903
362001259904
322006559905
832001859906
342006159907
320001459908
632006759909
632800859910
322300159911
328800459912
432300759913
302800059914
326300359915
232800659916
382300959917
324800259918
032300559919
032050659920
362000959921
322050259922
832000559923
342050859924
320000159925
632050459926
322000759927
328050059928
432000359929
432002459930
302007759931
326002059932
232007359933
382002659934
324007959935
032002259936
362007559937
322002859938
832007159939
832900259940
342400559941
320900859942
632400159943
322900459944
328400759945
432900059946
302400359947
326900659948
232400959949
232060059950
382010359951
324060659952
032010959953
362060259954
322010559955
832060859956
342010159957
320060459958
632010759959
632003859960
322008159961
328003459962
432008759963
302003059964
326008359965
232003659966
382008959967
324003259968
032008559969
032000659970
362500959971
322000259972
832500559973
342000859974
320500159975
632000459976
322500759977
328000059978
432500359979
432070459980
302020759981
326070059982
232020359983
382070659984
324020959985
032070259986
362020559987
322070859988
832020159989
832004259990
342009559991
320004859992
632009159993
322004459994
328009759995
432004059996
302009359997
326004659998
232009959999