372008027001
323003327002
932008627003
352003927004
321008227005
732003527006
332008827007
329003127008
532008427009
532000527010
312500827011
327000127012
332500427013
392000727014
325500027015
132000327016
372500627017
323000927018
932500227019
932070327020
352020627021
321070927022
732020227023
332070527024
329020827025
532070127026
312020427027
327070727028
332020027029
332004127030
392009427031
325004727032
132009027033
372004327034
323009627035
932004927036
352009227037
321004527038
732009827039
732100927040
332600227041
329100527042
532600827043
312100127044
327600427045
332100727046
392600027047
325100327048
132600627049
132080727050
372030027051
323080327052
932030627053
352080927054
321030227055
732080527056
332030827057
329080127058
532030427059
532005527060
312000827061
327005127062
332000427063
392005727064
325000027065
132005327066
372000627067
323005927068
932000227069
932200327070
352700627071
321200927072
732700227073
332200527074
329700827075
532200127076
312700427077
327200727078
332700027079
332090127080
392040427081
325090727082
132040027083
372090327084
323040627085
932090927086
352040227087
321090527088
732040827089
732006927090
332001227091
329006527092
532001827093
312006127094
327001427095
332006727096
392001027097
325006327098
132001627099
932006287100
352001217101
321006247102
732001277103
332006207104
329001237105
532006267106
312001297107
327006227108
332001257109
332300267110
392800297111
325300227112
132800257113
372300287114
323800217115
932300247116
352800277117
321300207118
732800237119
732000247120
332050277121
329000207122
532050237123
312000267124
327050297125
332000227126
392050257127
325000287128
132050217129
132007227130
372002257131
323007287132
932002217133
352007247134
321002277135
732007207136
332002237137
329007267138
532002297139
532400207140
312900237141
327400267142
332900297143
392400227144
325900257145
132400287146
372900217147
323400247148
932900277149
932010287150
352060217151
321010247152
732060277153
332010207154
329060237155
532010267156
312060297157
327010227158
332060257159
332008267160
392003297161
325008227162
132003257163
372008287164
323003217165
932008247166
352003277167
321008207168
732003237169
732500247170
332000277171
329500207172
532000237173
312500267174
327000297175
332500227176
392000257177
325500287178
132000217179
132020227180
372070257181
323020287182
932070217183
352020247184
321070277185
732020207186
332070237187
329020267188
532070297189
532009207190
312004237191
327009267192
332004297193
392009227194
325004257195
132009287196
372004217197
323009247198
932004277199
732009279200
332004272201
329009275202
532004278203
312009271204
327004274205
332009277206
392004270207
325009273208
132004276209
132600277210
372100270211
323600273212
932100276213
352600279214
321100272215
732600275216
332100278217
329600271218
532100274219
532030275220
312080278221
327030271222
332080274223
392030277224
325080270225
132030273226
372080276227
323030279228
932080272229
932000273230
352005276231
321000279232
732005272233
332000275234
329005278235
532000271236
312005274237
327000277238
332005270239
332700271240
392200274241
325700277242
132200270243
372700273244
323200276245
932700279246
352200272247
321700275248
732200278249
732040279250
332090272251
329040275252
532090278253
312040271254
327090274255
332040277256
392090270257
325040273258
132090276259
132001277260
372006270261
323001273262
932006276263
352001279264
321006272265
732001275266
332006278267
329001271268
532006274269
532800275270
312300278271
327800271272
332300274273
392800277274
325300270275
132800273276
372300276277
323800279278
932300272279
932050273280
352000276281
321050279282
732000272283
332050275284
329000278285
532050271286
312000274287
327050277288
332000270289
332002271290
392007274291
325002277292
132007270293
372002273294
323007276295
932002279296
352007272297
321002275298
732007278299
532002027300
312007327301
327002627302
332007927303
392002227304
325007527305
132002827306
372007127307
323002427308
932007727309
932900827310
352400127311
321900427312
732400727313
332900027314
329400327315
532900627316
312400927317
327900227318
332400527319
332060627320
392010927321
325060227322
132010527323
372060827324
323010127325
932060427326
352010727327
321060027328
732010327329
732003427330
332008727331
329003027332
532008327333
312003627334
327008927335
332003227336
392008527337
325003827338
132008127339
132000227340
372500527341
323000827342
932500127343
352000427344
321500727345
732000027346
332500327347
329000627348
532500927349
532070027350
312020327351
327070627352
332020927353
392070227354
325020527355
132070827356
372020127357
323070427358
932020727359
932004827360
352009127361
321004427362
732009727363
332004027364
329009327365
532004627366
312009927367
327004227368
332009527369
332100627370
392600927371
325100227372
132600527373
372100827374
323600127375
932100427376
352600727377
321100027378
732600327379
732080427380
332030727381
329080027382
532030327383
312080627384
327030927385
332080227386
392030527387
325080827388
132030127389
132005227390
372000527391
323005827392
932000127393
352005427394
321000727395
732005027396
332000327397
329005627398
532000927399
332005217400
392000247401
325005277402
132000207403
372005237404
323000267405
932005297406
352000227407
321005257408
732000287409
732200297410
332700227411
329200257412
532700287413
312200217414
327700247415
332200277416
392700207417
325200237418
132700267419
132090277420
372040207421
323090237422
932040267423
352090297424
321040227425
732090257426
332040287427
329090217428
532040247429
532006257430
312001287431
327006217432
332001247433
392006277434
325001207435
132006237436
372001267437
323006297438
932001227439
932300237440
352800267441
321300297442
732800227443
332300257444
329800287445
532300217446
312800247447
327300277448
332800207449
332000217450
392050247451
325000277452
132050207453
372000237454
323050267455
932000297456
352050227457
321000257458
732050287459
732007297460
332002227461
329007257462
532002287463
312007217464
327002247465
332007277466
392002207467
325007237468
132002267469
132400277470
372900207471
323400237472
932900267473
352400297474
321900227475
732400257476
332900287477
329400217478
532900247479
532010257480
312060287481
327010217482
332060247483
392010277484
325060207485
132010237486
372060267487
323010297488
932060227489
932008237490
352003267491
321008297492
732003227493
332008257494
329003287495
532008217496
312003247497
327008277498
332003207499
132008272500
372003275501
323008278502
932003271503
352008274504
321003277505
732008270506
332003273507
329008276508
532003279509
532500270510
312000273511
327500276512
332000279513
392500272514
325000275515
132500278516
372000271517
323500274518
932000277519
932020278520
352070271521
321020274522
732070277523
332020270524
329070273525
532020276526
312070279527
327020272528
332070275529
332009276530
392004279531
325009272532
132004275533
372009278534
323004271535
932009274536
352004277537
321009270538
732004273539
732600274540
332100277541
329600270542
532100273543
312600276544
327100279545
332600272546
392100275547
325600278548
132100271549
132030272550
372080275551
323030278552
932080271553
352030274554
321080277555
732030270556
332080273557
329030276558
532080279559
532000270560
312005273561
327000276562
332005279563
392000272564
325005275565
132000278566
372005271567
323000274568
932005277569
932700278570
352200271571
321700274572
732200277573
332700270574
329200273575
532700276576
312200279577
327700272578
332200275579
332040276580
392090279581
325040272582
132090275583
372040278584
323090271585
932040274586
352090277587
321040270588
732090273589
732001274590
332006277591
329001270592
532006273593
312001276594
327006279595
332001272596
392006275597
325001278598
132006271599
932001327600
352006627601
321001927602
732006227603
332001527604
329006827605
532001127606
312006427607
327001727608
332006027609
332800127610
392300427611
325800727612
132300027613
372800327614
323300627615
932800927616
352300227617
321800527618
732300827619
732050927620
332000227621
329050527622
532000827623
312050127624
327000427625
332050727626
392000027627
325050327628
132000627629
132002727630
372007027631
323002327632
932007627633
352002927634
321007227635
732002527636
332007827637
329002127638
532007427639
532900527640
312400827641
327900127642
332400427643
392900727644
325400027645
132900327646
372400627647
323900927648
932400227649
932060327650
352010627651
321060927652
732010227653
332060527654
329010827655
532060127656
312010427657
327060727658
332010027659
332003127660
392008427661
325003727662
132008027663
372003327664
323008627665
932003927666
352008227667
321003527668
732008827669
732000927670
332500227671
329000527672
532500827673
312000127674
327500427675
332000727676
392500027677
325000327678
132500627679
132070727680
372020027681
323070327682
932020627683
352070927684
321020227685
732070527686
332020827687
329070127688
532020427689
532004527690
312009827691
327004127692
332009427693
392004727694
325009027695
132004327696
372009627697
323004927698
932009227699
732004247700
332009277701
329004207702
532009237703
312004267704
327009297705
332004227706
392009257707
325004287708
132009217709
132100227710
372600257711
323100287712
932600217713
352100247714
321600277715
732100207716
332600237717
329100267718
532600297719
532080207720
312030237721
327080267722
332030297723
392080227724
325030257725
132080287726
372030217727
323080247728
932030277729
932005287730
352000217731
321005247732
732000277733
332005207734
329000237735
532005267736
312000297737
327005227738
332000257739
332200267740
392700297741
325200227742
132700257743
372200287744
323700217745
932200247746
352700277747
321200207748
732700237749
732090247750
332040277751
329090207752
532040237753
312090267754
327040297755
332090227756
392040257757
325090287758
132040217759
132006227760
372001257761
323006287762
932001217763
352006247764
321001277765
732006207766
332001237767
329006267768
532001297769
532300207770
312800237771
327300267772
332800297773
392300227774
325800257775
132300287776
372800217777
323300247778
932800277779
932000287780
352050217781
321000247782
732050277783
332000207784
329050237785
532000267786
312050297787
327000227788
332050257789
332007267790
392002297791
325007227792
132002257793
372007287794
323002217795
932007247796
352002277797
321007207798
732002237799
532007275800
312002278801
327007271802
332002274803
392007277804
325002270805
132007273806
372002276807
323007279808
932002272809
932400273810
352900276811
321400279812
732900272813
332400275814
329900278815
532400271816
312900274817
327400277818
332900270819
332010271820
392060274821
325010277822
132060270823
372010273824
323060276825
932010279826
352060272827
321010275828
732060278829
732008279830
332003272831
329008275832
532003278833
312008271834
327003274835
332008277836
392003270837
325008273838
132003276839
132500277840
372000270841
323500273842
932000276843
352500279844
321000272845
732500275846
332000278847
329500271848
532000274849
532020275850
312070278851
327020271852
332070274853
392020277854
325070270855
132020273856
372070276857
323020279858
932070272859
932009273860
352004276861
321009279862
732004272863
332009275864
329004278865
532009271866
312004274867
327009277868
332004270869
332600271870
392100274871
325600277872
132100270873
372600273874
323100276875
932600279876
352100272877
321600275878
732100278879
732030279880
332080272881
329030275882
532080278883
312030271884
327080274885
332030277886
392080270887
325030273888
132080276889
132000277890
372005270891
323000273892
932005276893
352000279894
321005272895
732000275896
332005278897
329000271898
532005274899
332000627900
392005927901
325000227902
132005527903
372000827904
323005127905
932000427906
352005727907
321000027908
732005327909
732700427910
332200727911
329700027912
532200327913
312700627914
327200927915
332700227916
392200527917
325700827918
132200127919
132040227920
372090527921
323040827922
932090127923
352040427924
321090727925
732040027926
332090327927
329040627928
532090927929
532001027930
312006327931
327001627932
332006927933
392001227934
325006527935
132001827936
372006127937
323001427938
932006727939
932800827940
352300127941
321800427942
732300727943
332800027944
329300327945
532800627946
312300927947
327800227948
332300527949
332050627950
392000927951
325050227952
132000527953
372050827954
323000127955
932050427956
352000727957
321050027958
732000327959
732002427960
332007727961
329002027962
532007327963
312002627964
327007927965
332002227966
392007527967
325002827968
132007127969
132900227970
372400527971
323900827972
932400127973
352900427974
321400727975
732900027976
332400327977
329900627978
532400927979
532060027980
312010327981
327060627982
332010927983
392060227984
325010527985
132060827986
372010127987
323060427988
932010727989
932003827990
352008127991
321003427992
732008727993
332003027994
329008327995
532003627996
312008927997
327003227998
332008527999
332002328000