372000847001
323005147002
932000447003
352005747004
321000047005
732005347006
332000647007
329005947008
532000247009
532200347010
312700647011
327200947012
332700247013
392200547014
325700847015
132200147016
372700447017
323200747018
932700047019
932090147020
352040447021
321090747022
732040047023
332090347024
329040647025
532090947026
312040247027
327090547028
332040847029
332006947030
392001247031
325006547032
132001847033
372006147034
323001447035
932006747036
352001047037
321006347038
732001647039
732300747040
332800047041
329300347042
532800647043
312300947044
327800247045
332300547046
392800847047
325300147048
132800447049
132000547050
372050847051
323000147052
932050447053
352000747054
321050047055
732000347056
332050647057
329000947058
532050247059
532007347060
312002647061
327007947062
332002247063
392007547064
325002847065
132007147066
372002447067
323007747068
932002047069
932400147070
352900447071
321400747072
732900047073
332400347074
329900647075
532400947076
312900247077
327400547078
332900847079
332010947080
392060247081
325010547082
132060847083
372010147084
323060447085
932010747086
352060047087
321010347088
732060647089
732008747090
332003047091
329008347092
532003647093
312008947094
327003247095
332008547096
392003847097
325008147098
132003447099
932008467100
352003497101
321008427102
732003457103
332008487104
329003417105
532008447106
312003477107
327008407108
332003437109
332500447110
392000477111
325500407112
132000437113
372500467114
323000497115
932500427116
352000457117
321500487118
732000417119
732020427120
332070457121
329020487122
532070417123
312020447124
327070477125
332020407126
392070437127
325020467128
132070497129
132009407130
372004437131
323009467132
932004497133
352009427134
321004457135
732009487136
332004417137
329009447138
532004477139
532600487140
312100417141
327600447142
332100477143
392600407144
325100437145
132600467146
372100497147
323600427148
932100457149
932030467150
352080497151
321030427152
732080457153
332030487154
329080417155
532030447156
312080477157
327030407158
332080437159
332000447160
392005477161
325000407162
132005437163
372000467164
323005497165
932000427166
352005457167
321000487168
732005417169
732700427170
332200457171
329700487172
532200417173
312700447174
327200477175
332700407176
392200437177
325700467178
132200497179
132040407180
372090437181
323040467182
932090497183
352040427184
321090457185
732040487186
332090417187
329040447188
532090477189
532001487190
312006417191
327001447192
332006477193
392001407194
325006437195
132001467196
372006497197
323001427198
932006457199
732001477200
332006470201
329001473202
532006476203
312001479204
327006472205
332001475206
392006478207
325001471208
132006474209
132800475210
372300478211
323800471212
932300474213
352800477214
321300470215
732800473216
332300476217
329800479218
532300472219
532050473220
312000476221
327050479222
332000472223
392050475224
325000478225
132050471226
372000474227
323050477228
932000470229
932002471230
352007474231
321002477232
732007470233
332002473234
329007476235
532002479236
312007472237
327002475238
332007478239
332900479240
392400472241
325900475242
132400478243
372900471244
323400474245
932900477246
352400470247
321900473248
732400476249
732060477250
332010470251
329060473252
532010476253
312060479254
327010472255
332060475256
392010478257
325060471258
132010474259
132003475260
372008478261
323003471262
932008474263
352003477264
321008470265
732003473266
332008476267
329003479268
532008472269
532000473270
312500476271
327000479272
332500472273
392000475274
325500478275
132000471276
372500474277
323000477278
932500470279
932070471280
352020474281
321070477282
732020470283
332070473284
329020476285
532070479286
312020472287
327070475288
332020478289
332004479290
392009472291
325004475292
132009478293
372004471294
323009474295
932004477296
352009470297
321004473298
732009476299
532004847300
312009147301
327004447302
332009747303
392004047304
325009347305
132004647306
372009947307
323004247308
932009547309
932100647310
352600947311
321100247312
732600547313
332100847314
329600147315
532100447316
312600747317
327100047318
332600347319
332080447320
392030747321
325080047322
132030347323
372080647324
323030947325
932080247326
352030547327
321080847328
732030147329
732005247330
332000547331
329005847332
532000147333
312005447334
327000747335
332005047336
392000347337
325005647338
132000947339
132200047340
372700347341
323200647342
932700947343
352200247344
321700547345
732200847346
332700147347
329200447348
532700747349
532090847350
312040147351
327090447352
332040747353
392090047354
325040347355
132090647356
372040947357
323090247358
932040547359
932006647360
352001947361
321006247362
732001547363
332006847364
329001147365
532006447366
312001747367
327006047368
332001347369
332300447370
392800747371
325300047372
132800347373
372300647374
323800947375
932300247376
352800547377
321300847378
732800147379
732000247380
332050547381
329000847382
532050147383
312000447384
327050747385
332000047386
392050347387
325000647388
132050947389
132007047390
372002347391
323007647392
932002947393
352007247394
321002547395
732007847396
332002147397
329007447398
532002747399
332007497400
392002427401
325007457402
132002487403
372007417404
323002447405
932007477406
352002407407
321007437408
732002467409
732400477410
332900407411
329400437412
532900467413
312400497414
327900427415
332400457416
392900487417
325400417418
132900447419
132010457420
372060487421
323010417422
932060447423
352010477424
321060407425
732010437426
332060467427
329010497428
532060427429
532008437430
312003467431
327008497432
332003427433
392008457434
325003487435
132008417436
372003447437
323008477438
932003407439
932500417440
352000447441
321500477442
732000407443
332500437444
329000467445
532500497446
312000427447
327500457448
332000487449
332020497450
392070427451
325020457452
132070487453
372020417454
323070447455
932020477456
352070407457
321020437458
732070467459
732009477460
332004407461
329009437462
532004467463
312009497464
327004427465
332009457466
392004487467
325009417468
132004447469
132600457470
372100487471
323600417472
932100447473
352600477474
321100407475
732600437476
332100467477
329600497478
532100427479
532030437480
312080467481
327030497482
332080427483
392030457484
325080487485
132030417486
372080447487
323030477488
932080407489
932000417490
352005447491
321000477492
732005407493
332000437494
329005467495
532000497496
312005427497
327000457498
332005487499
132000470500
372005473501
323000476502
932005479503
352000472504
321005475505
732000478506
332005471507
329000474508
532005477509
532700478510
312200471511
327700474512
332200477513
392700470514
325200473515
132700476516
372200479517
323700472518
932200475519
932040476520
352090479521
321040472522
732090475523
332040478524
329090471525
532040474526
312090477527
327040470528
332090473529
332001474530
392006477531
325001470532
132006473533
372001476534
323006479535
932001472536
352006475537
321001478538
732006471539
732800472540
332300475541
329800478542
532300471543
312800474544
327300477545
332800470546
392300473547
325800476548
132300479549
132050470550
372000473551
323050476552
932000479553
352050472554
321000475555
732050478556
332000471557
329050474558
532000477559
532002478560
312007471561
327002474562
332007477563
392002470564
325007473565
132002476566
372007479567
323002472568
932007475569
932900476570
352400479571
321900472572
732400475573
332900478574
329400471575
532900474576
312400477577
327900470578
332400473579
332060474580
392010477581
325060470582
132010473583
372060476584
323010479585
932060472586
352010475587
321060478588
732010471589
732003472590
332008475591
329003478592
532008471593
312003474594
327008477595
332003470596
392008473597
325003476598
132008479599
932003147600
352008447601
321003747602
732008047603
332003347604
329008647605
532003947606
312008247607
327003547608
332008847609
332000947610
392500247611
325000547612
132500847613
372000147614
323500447615
932000747616
352500047617
321000347618
732500647619
732070747620
332020047621
329070347622
532020647623
312070947624
327020247625
332070547626
392020847627
325070147628
132020447629
132004547630
372009847631
323004147632
932009447633
352004747634
321009047635
732004347636
332009647637
329004947638
532009247639
532100347640
312600647641
327100947642
332600247643
392100547644
325600847645
132100147646
372600447647
323100747648
932600047649
932080147650
352030447651
321080747652
732030047653
332080347654
329030647655
532080947656
312030247657
327080547658
332030847659
332005947660
392000247661
325005547662
132000847663
372005147664
323000447665
932005747666
352000047667
321005347668
732000647669
732200747670
332700047671
329200347672
532700647673
312200947674
327700247675
332200547676
392700847677
325200147678
132700447679
132090547680
372040847681
323090147682
932040447683
352090747684
321040047685
732090347686
332040647687
329090947688
532040247689
532006347690
312001647691
327006947692
332001247693
392006547694
325001847695
132006147696
372001447697
323006747698
932001047699
732006427700
332001457701
329006487702
532001417703
312006447704
327001477705
332006407706
392001437707
325006467708
132001497709
132300407710
372800437711
323300467712
932800497713
352300427714
321800457715
732300487716
332800417717
329300447718
532800477719
532000487720
312050417721
327000447722
332050477723
392000407724
325050437725
132000467726
372050497727
323000427728
932050457729
932007467730
352002497731
321007427732
732002457733
332007487734
329002417735
532007447736
312002477737
327007407738
332002437739
332400447740
392900477741
325400407742
132900437743
372400467744
323900497745
932400427746
352900457747
321400487748
732900417749
732010427750
332060457751
329010487752
532060417753
312010447754
327060477755
332010407756
392060437757
325010467758
132060497759
132008407760
372003437761
323008467762
932003497763
352008427764
321003457765
732008487766
332003417767
329008447768
532003477769
532500487770
312000417771
327500447772
332000477773
392500407774
325000437775
132500467776
372000497777
323500427778
932000457779
932020467780
352070497781
321020427782
732070457783
332020487784
329070417785
532020447786
312070477787
327020407788
332070437789
332009447790
392004477791
325009407792
132004437793
372009467794
323004497795
932009427796
352004457797
321009487798
732004417799
532009473800
312004476801
327009479802
332004472803
392009475804
325004478805
132009471806
372004474807
323009477808
932004470809
932600471810
352100474811
321600477812
732100470813
332600473814
329100476815
532600479816
312100472817
327600475818
332100478819
332030479820
392080472821
325030475822
132080478823
372030471824
323080474825
932030477826
352080470827
321030473828
732080476829
732000477830
332005470831
329000473832
532005476833
312000479834
327005472835
332000475836
392005478837
325000471838
132005474839
132700475840
372200478841
323700471842
932200474843
352700477844
321200470845
732700473846
332200476847
329700479848
532200472849
532040473850
312090476851
327040479852
332090472853
392040475854
325090478855
132040471856
372090474857
323040477858
932090470859
932001471860
352006474861
321001477862
732006470863
332001473864
329006476865
532001479866
312006472867
327001475868
332006478869
332800479870
392300472871
325800475872
132300478873
372800471874
323300474875
932800477876
352300470877
321800473878
732300476879
732050477880
332000470881
329050473882
532000476883
312050479884
327000472885
332050475886
392000478887
325050471888
132000474889
132002475890
372007478891
323002471892
932007474893
352002477894
321007470895
732002473896
332007476897
329002479898
532007472899
332002447900
392007747901
325002047902
132007347903
372002647904
323007947905
932002247906
352007547907
321002847908
732007147909
732900247910
332400547911
329900847912
532400147913
312900447914
327400747915
332900047916
392400347917
325900647918
132400947919
132060047920
372010347921
323060647922
932010947923
352060247924
321010547925
732060847926
332010147927
329060447928
532010747929
532003847930
312008147931
327003447932
332008747933
392003047934
325008347935
132003647936
372008947937
323003247938
932008547939
932000647940
352500947941
321000247942
732500547943
332000847944
329500147945
532000447946
312500747947
327000047948
332500347949
332070447950
392020747951
325070047952
132020347953
372070647954
323020947955
932070247956
352020547957
321070847958
732020147959
732004247960
332009547961
329004847962
532009147963
312004447964
327009747965
332004047966
392009347967
325004647968
132009947969
132100047970
372600347971
323100647972
932600947973
352100247974
321600547975
732100847976
332600147977
329100447978
532600747979
532080847980
312030147981
327080447982
332030747983
392080047984
325030347985
132080647986
372030947987
323080247988
932030547989
932005647990
352000947991
321005247992
732000547993
332005847994
329000147995
532005447996
312000747997
327005047998
332000347999
332004148000