362002634001
322007934002
832002234003
342007534004
320002834005
632007134006
322002434007
328007734008
432002034009
432400134010
302900434011
326400734012
232900034013
382400334014
324900634015
032400934016
362900234017
322400534018
832900834019
832010934020
342060234021
320010534022
632060834023
322010134024
328060434025
432010734026
302060034027
326010334028
232060634029
232008734030
382003034031
324008334032
032003634033
362008934034
322003234035
832008534036
342003834037
320008134038
632003434039
632500534040
322000834041
328500134042
432000434043
302500734044
326000034045
232500334046
382000634047
324500934048
032000234049
032020334050
362070634051
322020934052
832070234053
342020534054
320070834055
632020134056
322070434057
328020734058
432070034059
432009134060
302004434061
326009734062
232004034063
382009334064
324004634065
032009934066
362004234067
322009534068
832004834069
832600934070
342100234071
320600534072
632100834073
322600134074
328100434075
432600734076
302100034077
326600334078
232100634079
232030734080
382080034081
324030334082
032080634083
362030934084
322080234085
832030534086
342080834087
320030134088
632080434089
632000534090
322005834091
328000134092
432005434093
302000734094
326005034095
232000334096
382005634097
324000934098
032005234099
832000344100
342005374101
320000304102
632005334103
322000364104
328005394105
432000324106
302005354107
326000384108
232005314109
232700324110
382200354111
324700384112
032200314113
362700344114
322200374115
832700304116
342200334117
320700364118
632200394119
632040304120
322090334121
328040364122
432090394123
302040324124
326090354125
232040384126
382090314127
324040344128
032090374129
032001384130
362006314131
322001344132
832006374133
342001304134
320006334135
632001364136
322006394137
328001324138
432006354139
432800364140
302300394141
326800324142
232300354143
382800384144
324300314145
032800344146
362300374147
322800304148
832300334149
832050344150
342000374151
320050304152
632000334153
322050364154
328000394155
432050324156
302000354157
326050384158
232000314159
232002324160
382007354161
324002384162
032007314163
362002344164
322007374165
832002304166
342007334167
320002364168
632007394169
632900304170
322400334171
328900364172
432400394173
302900324174
326400354175
232900384176
382400314177
324900344178
032400374179
032060384180
362010314181
322060344182
832010374183
342060304184
320010334185
632060364186
322010394187
328060324188
432010354189
432003364190
302008394191
326003324192
232008354193
382003384194
324008314195
032003344196
362008374197
322003304198
832008334199
632003345200
322008348201
328003341202
432008344203
302003347204
326008340205
232003343206
382008346207
324003349208
032008342209
032000343210
362500346211
322000349212
832500342213
342000345214
320500348215
632000341216
322500344217
328000347218
432500340219
432070341220
302020344221
326070347222
232020340223
382070343224
324020346225
032070349226
362020342227
322070345228
832020348229
832004349230
342009342231
320004345232
632009348233
322004341234
328009344235
432004347236
302009340237
326004343238
232009346239
232100347240
382600340241
324100343242
032600346243
362100349244
322600342245
832100345246
342600348247
320100341248
632600344249
632080345250
322030348251
328080341252
432030344253
302080347254
326030340255
232080343256
382030346257
324080349258
032030342259
032005343260
362000346261
322005349262
832000342263
342005345264
320000348265
632005341266
322000344267
328005347268
432000340269
432200341270
302700344271
326200347272
232700340273
382200343274
324700346275
032200349276
362700342277
322200345278
832700348279
832090349280
342040342281
320090345282
632040348283
322090341284
328040344285
432090347286
302040340287
326090343288
232040346289
232006347290
382001340291
324006343292
032001346293
362006349294
322001342295
832006345296
342001348297
320006341298
632001344299
432006634300
302001934301
326006234302
232001534303
382006834304
324001134305
032006434306
362001734307
322006034308
832001334309
832300434310
342800734311
320300034312
632800334313
322300634314
328800934315
432300234316
302800534317
326300834318
232800134319
232000234320
382050534321
324000834322
032050134323
362000434324
322050734325
832000034326
342050334327
320000634328
632050934329
632007034330
322002334331
328007634332
432002934333
302007234334
326002534335
232007834336
382002134337
324007434338
032002734339
032400834340
362900134341
322400434342
832900734343
342400034344
320900334345
632400634346
322900934347
328400234348
432900534349
432010634350
302060934351
326010234352
232060534353
382010834354
324060134355
032010434356
362060734357
322010034358
832060334359
832008434360
342003734361
320008034362
632003334363
322008634364
328003934365
432008234366
302003534367
326008834368
232003134369
232500234370
382000534371
324500834372
032000134373
362500434374
322000734375
832500034376
342000334377
320500634378
632000934379
632020034380
322070334381
328020634382
432070934383
302020234384
326070534385
232020834386
382070134387
324020434388
032070734389
032009834390
362004134391
322009434392
832004734393
342009034394
320004334395
632009634396
322004934397
328009234398
432004534399
232009374400
382004304401
324009334402
032004364403
362009394404
322004324405
832009354406
342004384407
320009314408
632004344409
632600354410
322100384411
328600314412
432100344413
302600374414
326100304415
232600334416
382100364417
324600394418
032100324419
032030334420
362080364421
322030394422
832080324423
342030354424
320080384425
632030314426
322080344427
328030374428
432080304429
432000314430
302005344431
326000374432
232005304433
382000334434
324005364435
032000394436
362005324437
322000354438
832005384439
832700394440
342200324441
320700354442
632200384443
322700314444
328200344445
432700374446
302200304447
326700334448
232200364449
232040374450
382090304451
324040334452
032090364453
362040394454
322090324455
832040354456
342090384457
320040314458
632090344459
632001354460
322006384461
328001314462
432006344463
302001374464
326006304465
232001334466
382006364467
324001394468
032006324469
032800334470
362300364471
322800394472
832300324473
342800354474
320300384475
632800314476
322300344477
328800374478
432300304479
432050314480
302000344481
326050374482
232000304483
382050334484
324000364485
032050394486
362000324487
322050354488
832000384489
832002394490
342007324491
320002354492
632007384493
322002314494
328007344495
432002374496
302007304497
326002334498
232007364499
032002348500
362007341501
322002344502
832007347503
342002340504
320007343505
632002346506
322007349507
328002342508
432007345509
432900346510
302400349511
326900342512
232400345513
382900348514
324400341515
032900344516
362400347517
322900340518
832400343519
832060344520
342010347521
320060340522
632010343523
322060346524
328010349525
432060342526
302010345527
326060348528
232010341529
232003342530
382008345531
324003348532
032008341533
362003344534
322008347535
832003340536
342008343537
320003346538
632008349539
632000340540
322500343541
328000346542
432500349543
302000342544
326500345545
232000348546
382500341547
324000344548
032500347549
032070348550
362020341551
322070344552
832020347553
342070340554
320020343555
632070346556
322020349557
328070342558
432020345559
432004346560
302009349561
326004342562
232009345563
382004348564
324009341565
032004344566
362009347567
322004340568
832009343569
832100344570
342600347571
320100340572
632600343573
322100346574
328600349575
432100342576
302600345577
326100348578
232600341579
232080342580
382030345581
324080348582
032030341583
362080344584
322030347585
832080340586
342030343587
320080346588
632030349589
632005340590
322000343591
328005346592
432000349593
302005342594
326000345595
232005348596
382000341597
324005344598
032000347599
832005934600
342000234601
320005534602
632000834603
322005134604
328000434605
432005734606
302000034607
326005334608
232000634609
232200734610
382700034611
324200334612
032700634613
362200934614
322700234615
832200534616
342700834617
320200134618
632700434619
632090534620
322040834621
328090134622
432040434623
302090734624
326040034625
232090334626
382040634627
324090934628
032040234629
032006334630
362001634631
322006934632
832001234633
342006534634
320001834635
632006134636
322001434637
328006734638
432001034639
432300134640
302800434641
326300734642
232800034643
382300334644
324800634645
032300934646
362800234647
322300534648
832800834649
832000934650
342050234651
320000534652
632050834653
322000134654
328050434655
432000734656
302050034657
326000334658
232050634659
232007734660
382002034661
324007334662
032002634663
362007934664
322002234665
832007534666
342002834667
320007134668
632002434669
632400534670
322900834671
328400134672
432900434673
302400734674
326900034675
232400334676
382900634677
324400934678
032900234679
032010334680
362060634681
322010934682
832060234683
342010534684
320060834685
632010134686
322060434687
328010734688
432060034689
432008134690
302003434691
326008734692
232003034693
382008334694
324003634695
032008934696
362003234697
322008534698
832003834699
632008304700
322003334701
328008364702
432003394703
302008324704
326003354705
232008384706
382003314707
324008344708
032003374709
032500384710
362000314711
322500344712
832000374713
342500304714
320000334715
632500364716
322000394717
328500324718
432000354719
432020364720
302070394721
326020324722
232070354723
382020384724
324070314725
032020344726
362070374727
322020304728
832070334729
832009344730
342004374731
320009304732
632004334733
322009364734
328004394735
432009324736
302004354737
326009384738
232004314739
232600324740
382100354741
324600384742
032100314743
362600344744
322100374745
832600304746
342100334747
320600364748
632100394749
632030304750
322080334751
328030364752
432080394753
302030324754
326080354755
232030384756
382080314757
324030344758
032080374759
032000384760
362005314761
322000344762
832005374763
342000304764
320005334765
632000364766
322005394767
328000324768
432005354769
432700364770
302200394771
326700324772
232200354773
382700384774
324200314775
032700344776
362200374777
322700304778
832200334779
832040344780
342090374781
320040304782
632090334783
322040364784
328090394785
432040324786
302090354787
326040384788
232090314789
232001324790
382006354791
324001384792
032006314793
362001344794
322006374795
832001304796
342006334797
320001364798
632006394799
432001341800
302006344801
326001347802
232006340803
382001343804
324006346805
032001349806
362006342807
322001345808
832006348809
832800349810
342300342811
320800345812
632300348813
322800341814
328300344815
432800347816
302300340817
326800343818
232300346819
232050347820
382000340821
324050343822
032000346823
362050349824
322000342825
832050345826
342000348827
320050341828
632000344829
632002345830
322007348831
328002341832
432007344833
302002347834
326007340835
232002343836
382007346837
324002349838
032007342839
032900343840
362400346841
322900349842
832400342843
342900345844
320400348845
632900341846
322400344847
328900347848
432400340849
432060341850
302010344851
326060347852
232010340853
382060343854
324010346855
032060349856
362010342857
322060345858
832010348859
832003349860
342008342861
320003345862
632008348863
322003341864
328008344865
432003347866
302008340867
326003343868
232008346869
232000347870
382500340871
324000343872
032500346873
362000349874
322500342875
832000345876
342500348877
320000341878
632500344879
632070345880
322020348881
328070341882
432020344883
302070347884
326020340885
232070343886
382020346887
324070349888
032020342889
032004343890
362009346891
322004349892
832009342893
342004345894
320009348895
632004341896
322009344897
328004347898
432009340899
232004234900
382009534901
324004834902
032009134903
362004434904
322009734905
832004034906
342009334907
320004634908
632009934909
632100034910
322600334911
328100634912
432600934913
302100234914
326600534915
232100834916
382600134917
324100434918
032600734919
032080834920
362030134921
322080434922
832030734923
342080034924
320030334925
632080634926
322030934927
328080234928
432030534929
432005634930
302000934931
326005234932
232000534933
382005834934
324000134935
032005434936
362000734937
322005034938
832000334939
832200434940
342700734941
320200034942
632700334943
322200634944
328700934945
432200234946
302700534947
326200834948
232700134949
232090234950
382040534951
324090834952
032040134953
362090434954
322040734955
832090034956
342040334957
320090634958
632040934959
632006034960
322001334961
328006634962
432001934963
302006234964
326001534965
232006834966
382001134967
324006434968
032001734969
032300834970
362800134971
322300434972
832800734973
342300034974
320800334975
632300634976
322800934977
328300234978
432800534979
432000634980
302050934981
326000234982
232050534983
382000834984
324050134985
032000434986
362050734987
322000034988
832050334989
832007434990
342002734991
320007034992
632002334993
322007634994
328002934995
432007234996
302002534997
326007834998
232002134999
232006935000