332002645001
329007945002
532002245003
312007545004
327002845005
332007145006
392002445007
325007745008
132002045009
132400145010
372900445011
323400745012
932900045013
352400345014
321900645015
732400945016
332900245017
329400545018
532900845019
532010945020
312060245021
327010545022
332060845023
392010145024
325060445025
132010745026
372060045027
323010345028
932060645029
932008745030
352003045031
321008345032
732003645033
332008945034
329003245035
532008545036
312003845037
327008145038
332003445039
332500545040
392000845041
325500145042
132000445043
372500745044
323000045045
932500345046
352000645047
321500945048
732000245049
732020345050
332070645051
329020945052
532070245053
312020545054
327070845055
332020145056
392070445057
325020745058
132070045059
132009145060
372004445061
323009745062
932004045063
352009345064
321004645065
732009945066
332004245067
329009545068
532004845069
532600945070
312100245071
327600545072
332100845073
392600145074
325100445075
132600745076
372100045077
323600345078
932100645079
932030745080
352080045081
321030345082
732080645083
332030945084
329080245085
532030545086
312080845087
327030145088
332080445089
332000545090
392005845091
325000145092
132005445093
372000745094
323005045095
932000345096
352005645097
321000945098
732005245099
532000445100
312005475101
327000405102
332005435103
392000465104
325005495105
132000425106
372005455107
323000485108
932005415109
932700425110
352200455111
321700485112
732200415113
332700445114
329200475115
532700405116
312200435117
327700465118
332200495119
332040405120
392090435121
325040465122
132090495123
372040425124
323090455125
932040485126
352090415127
321040445128
732090475129
732001485130
332006415131
329001445132
532006475133
312001405134
327006435135
332001465136
392006495137
325001425138
132006455139
132800465140
372300495141
323800425142
932300455143
352800485144
321300415145
732800445146
332300475147
329800405148
532300435149
532050445150
312000475151
327050405152
332000435153
392050465154
325000495155
132050425156
372000455157
323050485158
932000415159
932002425160
352007455161
321002485162
732007415163
332002445164
329007475165
532002405166
312007435167
327002465168
332007495169
332900405170
392400435171
325900465172
132400495173
372900425174
323400455175
932900485176
352400415177
321900445178
732400475179
732060485180
332010415181
329060445182
532010475183
312060405184
327010435185
332060465186
392010495187
325060425188
132010455189
132003465190
372008495191
323003425192
932008455193
352003485194
321008415195
732003445196
332008475197
329003405198
532008435199
332003455200
392008458201
325003451202
132008454203
372003457204
323008450205
932003453206
352008456207
321003459208
732008452209
732000453210
332500456211
329000459212
532500452213
312000455214
327500458215
332000451216
392500454217
325000457218
132500450219
132070451220
372020454221
323070457222
932020450223
352070453224
321020456225
732070459226
332020452227
329070455228
532020458229
532004459230
312009452231
327004455232
332009458233
392004451234
325009454235
132004457236
372009450237
323004453238
932009456239
932100457240
352600450241
321100453242
732600456243
332100459244
329600452245
532100455246
312600458247
327100451248
332600454249
332080455250
392030458251
325080451252
132030454253
372080457254
323030450255
932080453256
352030456257
321080459258
732030452259
732005453260
332000456261
329005459262
532000452263
312005455264
327000458265
332005451266
392000454267
325005457268
132000450269
132200451270
372700454271
323200457272
932700450273
352200453274
321700456275
732200459276
332700452277
329200455278
532700458279
532090459280
312040452281
327090455282
332040458283
392090451284
325040454285
132090457286
372040450287
323090453288
932040456289
932006457290
352001450291
321006453292
732001456293
332006459294
329001452295
532006455296
312001458297
327006451298
332001454299
132006645300
372001945301
323006245302
932001545303
352006845304
321001145305
732006445306
332001745307
329006045308
532001345309
532300445310
312800745311
327300045312
332800345313
392300645314
325800945315
132300245316
372800545317
323300845318
932800145319
932000245320
352050545321
321000845322
732050145323
332000445324
329050745325
532000045326
312050345327
327000645328
332050945329
332007045330
392002345331
325007645332
132002945333
372007245334
323002545335
932007845336
352002145337
321007445338
732002745339
732400845340
332900145341
329400445342
532900745343
312400045344
327900345345
332400645346
392900945347
325400245348
132900545349
132010645350
372060945351
323010245352
932060545353
352010845354
321060145355
732010445356
332060745357
329010045358
532060345359
532008445360
312003745361
327008045362
332003345363
392008645364
325003945365
132008245366
372003545367
323008845368
932003145369
932500245370
352000545371
321500845372
732000145373
332500445374
329000745375
532500045376
312000345377
327500645378
332000945379
332020045380
392070345381
325020645382
132070945383
372020245384
323070545385
932020845386
352070145387
321020445388
732070745389
732009845390
332004145391
329009445392
532004745393
312009045394
327004345395
332009645396
392004945397
325009245398
132004545399
932009475400
352004405401
321009435402
732004465403
332009495404
329004425405
532009455406
312004485407
327009415408
332004445409
332600455410
392100485411
325600415412
132100445413
372600475414
323100405415
932600435416
352100465417
321600495418
732100425419
732030435420
332080465421
329030495422
532080425423
312030455424
327080485425
332030415426
392080445427
325030475428
132080405429
132000415430
372005445431
323000475432
932005405433
352000435434
321005465435
732000495436
332005425437
329000455438
532005485439
532700495440
312200425441
327700455442
332200485443
392700415444
325200445445
132700475446
372200405447
323700435448
932200465449
932040475450
352090405451
321040435452
732090465453
332040495454
329090425455
532040455456
312090485457
327040415458
332090445459
332001455460
392006485461
325001415462
132006445463
372001475464
323006405465
932001435466
352006465467
321001495468
732006425469
732800435470
332300465471
329800495472
532300425473
312800455474
327300485475
332800415476
392300445477
325800475478
132300405479
132050415480
372000445481
323050475482
932000405483
352050435484
321000465485
732050495486
332000425487
329050455488
532000485489
532002495490
312007425491
327002455492
332007485493
392002415494
325007445495
132002475496
372007405497
323002435498
932007465499
732002458500
332007451501
329002454502
532007457503
312002450504
327007453505
332002456506
392007459507
325002452508
132007455509
132900456510
372400459511
323900452512
932400455513
352900458514
321400451515
732900454516
332400457517
329900450518
532400453519
532060454520
312010457521
327060450522
332010453523
392060456524
325010459525
132060452526
372010455527
323060458528
932010451529
932003452530
352008455531
321003458532
732008451533
332003454534
329008457535
532003450536
312008453537
327003456538
332008459539
332000450540
392500453541
325000456542
132500459543
372000452544
323500455545
932000458546
352500451547
321000454548
732500457549
732070458550
332020451551
329070454552
532020457553
312070450554
327020453555
332070456556
392020459557
325070452558
132020455559
132004456560
372009459561
323004452562
932009455563
352004458564
321009451565
732004454566
332009457567
329004450568
532009453569
532100454570
312600457571
327100450572
332600453573
392100456574
325600459575
132100452576
372600455577
323100458578
932600451579
932080452580
352030455581
321080458582
732030451583
332080454584
329030457585
532080450586
312030453587
327080456588
332030459589
332005450590
392000453591
325005456592
132000459593
372005452594
323000455595
932005458596
352000451597
321005454598
732000457599
532005945600
312000245601
327005545602
332000845603
392005145604
325000445605
132005745606
372000045607
323005345608
932000645609
932200745610
352700045611
321200345612
732700645613
332200945614
329700245615
532200545616
312700845617
327200145618
332700445619
332090545620
392040845621
325090145622
132040445623
372090745624
323040045625
932090345626
352040645627
321090945628
732040245629
732006345630
332001645631
329006945632
532001245633
312006545634
327001845635
332006145636
392001445637
325006745638
132001045639
132300145640
372800445641
323300745642
932800045643
352300345644
321800645645
732300945646
332800245647
329300545648
532800845649
532000945650
312050245651
327000545652
332050845653
392000145654
325050445655
132000745656
372050045657
323000345658
932050645659
932007745660
352002045661
321007345662
732002645663
332007945664
329002245665
532007545666
312002845667
327007145668
332002445669
332400545670
392900845671
325400145672
132900445673
372400745674
323900045675
932400345676
352900645677
321400945678
732900245679
732010345680
332060645681
329010945682
532060245683
312010545684
327060845685
332010145686
392060445687
325010745688
132060045689
132008145690
372003445691
323008745692
932003045693
352008345694
321003645695
732008945696
332003245697
329008545698
532003845699
332008405700
392003435701
325008465702
132003495703
372008425704
323003455705
932008485706
352003415707
321008445708
732003475709
732500485710
332000415711
329500445712
532000475713
312500405714
327000435715
332500465716
392000495717
325500425718
132000455719
132020465720
372070495721
323020425722
932070455723
352020485724
321070415725
732020445726
332070475727
329020405728
532070435729
532009445730
312004475731
327009405732
332004435733
392009465734
325004495735
132009425736
372004455737
323009485738
932004415739
932600425740
352100455741
321600485742
732100415743
332600445744
329100475745
532600405746
312100435747
327600465748
332100495749
332030405750
392080435751
325030465752
132080495753
372030425754
323080455755
932030485756
352080415757
321030445758
732080475759
732000485760
332005415761
329000445762
532005475763
312000405764
327005435765
332000465766
392005495767
325000425768
132005455769
132700465770
372200495771
323700425772
932200455773
352700485774
321200415775
732700445776
332200475777
329700405778
532200435779
532040445780
312090475781
327040405782
332090435783
392040465784
325090495785
132040425786
372090455787
323040485788
932090415789
932001425790
352006455791
321001485792
732006415793
332001445794
329006475795
532001405796
312006435797
327001465798
332006495799
132001451800
372006454801
323001457802
932006450803
352001453804
321006456805
732001459806
332006452807
329001455808
532006458809
532800459810
312300452811
327800455812
332300458813
392800451814
325300454815
132800457816
372300450817
323800453818
932300456819
932050457820
352000450821
321050453822
732000456823
332050459824
329000452825
532050455826
312000458827
327050451828
332000454829
332002455830
392007458831
325002451832
132007454833
372002457834
323007450835
932002453836
352007456837
321002459838
732007452839
732900453840
332400456841
329900459842
532400452843
312900455844
327400458845
332900451846
392400454847
325900457848
132400450849
132060451850
372010454851
323060457852
932010450853
352060453854
321010456855
732060459856
332010452857
329060455858
532010458859
532003459860
312008452861
327003455862
332008458863
392003451864
325008454865
132003457866
372008450867
323003453868
932008456869
932000457870
352500450871
321000453872
732500456873
332000459874
329500452875
532000455876
312500458877
327000451878
332500454879
332070455880
392020458881
325070451882
132020454883
372070457884
323020450885
932070453886
352020456887
321070459888
732020452889
732004453890
332009456891
329004459892
532009452893
312004455894
327009458895
332004451896
392009454897
325004457898
132009450899
932004245900
352009545901
321004845902
732009145903
332004445904
329009745905
532004045906
312009345907
327004645908
332009945909
332100045910
392600345911
325100645912
132600945913
372100245914
323600545915
932100845916
352600145917
321100445918
732600745919
732080845920
332030145921
329080445922
532030745923
312080045924
327030345925
332080645926
392030945927
325080245928
132030545929
132005645930
372000945931
323005245932
932000545933
352005845934
321000145935
732005445936
332000745937
329005045938
532000345939
532200445940
312700745941
327200045942
332700345943
392200645944
325700945945
132200245946
372700545947
323200845948
932700145949
932090245950
352040545951
321090845952
732040145953
332090445954
329040745955
532090045956
312040345957
327090645958
332040945959
332006045960
392001345961
325006645962
132001945963
372006245964
323001545965
932006845966
352001145967
321006445968
732001745969
732300845970
332800145971
329300445972
532800745973
312300045974
327800345975
332300645976
392800945977
325300245978
132800545979
132000645980
372050945981
323000245982
932050545983
352000845984
321050145985
732000445986
332050745987
329000045988
532050345989
532007445990
312002745991
327007045992
332002345993
392007645994
325002945995
132007245996
372002545997
323007845998
932002145999
932006946000