321810221001
318860224002
431810227003
301860220004
316810223005
231860226006
381810229007
314860222008
031810225009
031803226010
361808229011
312803222012
831808225013
341803228014
310808221015
631803224016
321808227017
318803220018
431808223019
431080224020
301580227021
316080220022
231580223023
381080226024
314580229025
031080222026
361580225027
312080228028
831580221029
831870222030
341820225031
310870228032
631820221033
321870224034
318820227035
431870220036
301820223037
316870226038
231820229039
231804220040
381809223041
314804226042
031809229043
361804222044
312809225045
831804228046
341809221047
310804224048
631809227049
631180228050
321680221051
318180224052
431680227053
301180220054
316680223055
231180226056
381680229057
314180222058
031680225059
031880226060
361830229061
312880222062
831830225063
341880228064
310830221065
631880224066
321830227067
318880220068
431830223069
431805224070
301800227071
316805220072
231800223073
381805226074
314800229075
031805222076
361800225077
312805228078
831800221079
831280222080
341780225081
310280228082
631780221083
321280224084
318780227085
431280220086
301780223087
316280226088
231780229089
231890220090
381840223091
314890226092
031840229093
361890222094
312840225095
831890228096
341840221097
310890224098
631840227099
431890922100
301840222101
316890522102
231840822103
381890122104
314840422105
031890722106
361840022107
312890322108
831840622109
831806722110
341801022111
310806322112
631801622113
321806922114
318801222115
431806522116
301801822117
316806122118
231801422119
231380522120
381880822121
314380122122
031880422123
361380722124
312880022125
831380322126
341880622127
310380922128
631880222129
631800322130
321850622131
318800922132
431850222133
301800522134
316850822135
231800122136
381850422137
314800722138
031850022139
031807122140
361802422141
312807722142
831802022143
341807322144
310802622145
631807922146
321802222147
318807522148
431802822149
431480922150
301980222151
316480522152
231980822153
381480122154
314980422155
031480722156
361980022157
312480322158
831980622159
831810722160
341860022161
310810322162
631860622163
321810922164
318860222165
431810522166
301860822167
316810122168
231860422169
231808522170
381803822171
314808122172
031803422173
361808722174
312803022175
831808322176
341803622177
310808922178
631803222179
631580322180
321080622181
318580922182
431080222183
301580522184
316080822185
231580122186
381080422187
314580722188
031080022189
031820122190
361870422191
312820722192
831870022193
341820322194
310870622195
631820922196
321870222197
318820522198
431870822199
231820202200
381870232201
314820262202
031870292203
361820222204
312870252205
831820282206
341870212207
310820242208
631870272209
631809282210
321804212211
318809242212
431804272213
301809202214
316804232215
231809262216
381804292217
314809222218
031804252219
031680262220
361180292221
312680222222
831180252223
341680282224
310180212225
631680242226
321180272227
318680202228
431180232229
431830242230
301880272231
316830202232
231880232233
381830262234
314880292235
031830222236
361880252237
312830282238
831880212239
831800222240
341805252241
310800282242
631805212243
321800242244
318805272245
431800202246
301805232247
316800262248
231805292249
231780202250
381280232251
314780262252
031280292253
361780222254
312280252255
831780282256
341280212257
310780242258
631280272259
631840282260
321890212261
318840242262
431890272263
301840202264
316890232265
231840262266
381890292267
314840222268
031890252269
031801262270
361806292271
312801222272
831806252273
341801282274
310806212275
631801242276
321806272277
318801202278
431806232279
431880242280
301380272281
316880202282
231380232283
381880262284
314380292285
031880222286
361380252287
312880282288
831380212289
831850222290
341800252291
310850282292
631800212293
321850242294
318800272295
431850202296
301800232297
316850262298
231800292299
031850221300
361800224301
312850227302
831800220303
341850223304
310800226305
631850229306
321800222307
318850225308
431800228309
431802229310
301807222311
316802225312
231807228313
381802221314
314807224315
031802227316
361807220317
312802223318
831807226319
831980227320
341480220321
310980223322
631480226323
321980229324
318480222325
431980225326
301480228327
316980221328
231480224329
231860225330
381810228331
314860221332
031810224333
361860227334
312810220335
831860223336
341810226337
310860229338
631810222339
631803223340
321808226341
318803229342
431808222343
301803225344
316808228345
231803221346
381808224347
314803227348
031808220349
031080221350
361580224351
312080227352
831580220353
341080223354
310580226355
631080229356
321580222357
318080225358
431580228359
431870229360
301820222361
316870225362
231820228363
381870221364
314820224365
031870227366
361820220367
312870223368
831820226369
831804227370
341809220371
310804223372
631809226373
321804229374
318809222375
431804225376
301809228377
316804221378
231809224379
231180225380
381680228381
314180221382
031680224383
361180227384
312680220385
831180223386
341680226387
310180229388
631680222389
631880223390
321830226391
318880229392
431830222393
301880225394
316830228395
231880221396
381830224397
314880227398
031830220399
831880222400
341830522401
310880822402
631830122403
321880422404
318830722405
431880022406
301830322407
316880622408
231830922409
231805022410
381800322411
314805622412
031800922413
361805222414
312800522415
831805822416
341800122417
310805422418
631800722419
631280822420
321780122421
318280422422
431780722423
301280022424
316780322425
231280622426
381780922427
314280222428
031780522429
031890622430
361840922431
312890222432
831840522433
341890822434
310840122435
631890422436
321840722437
318890022438
431840322439
431806422440
301801722441
316806022442
231801322443
381806622444
314801922445
031806222446
361801522447
312806822448
831801122449
831380222450
341880522451
310380822452
631880122453
321380422454
318880722455
431380022456
301880322457
316380622458
231880922459
231800022460
381850322461
314800622462
031850922463
361800222464
312850522465
831800822466
341850122467
310800422468
631850722469
631807822470
321802122471
318807422472
431802722473
301807022474
316802322475
231807622476
381802922477
314807222478
031802522479
031480622480
361980922481
312480222482
831980522483
341480822484
310980122485
631480422486
321980722487
318480022488
431980322489
431810422490
301860722491
316810022492
231860322493
381810622494
314860922495
031810222496
361860522497
312810822498
831860122499
631810232500
321860262501
318810292502
431860222503
301810252504
316860282505
231810212506
381860242507
314810272508
031860202509
031808212510
361803242511
312808272512
831803202513
341808232514
310803262515
631808292516
321803222517
318808252518
431803282519
431580292520
301080222521
316580252522
231080282523
381580212524
314080242525
031580272526
361080202527
312580232528
831080262529
831820272530
341870202531
310820232532
631870262533
321820292534
318870222535
431820252536
301870282537
316820212538
231870242539
231809252540
381804282541
314809212542
031804242543
361809272544
312804202545
831809232546
341804262547
310809292548
631804222549
631680232550
321180262551
318680292552
431180222553
301680252554
316180282555
231680212556
381180242557
314680272558
031180202559
031830212560
361880242561
312830272562
831880202563
341830232564
310880262565
631830292566
321880222567
318830252568
431880282569
431800292570
301805222571
316800252572
231805282573
381800212574
314805242575
031800272576
361805202577
312800232578
831805262579
831780272580
341280202581
310780232582
631280262583
321780292584
318280222585
431780252586
301280282587
316780212588
231280242589
231840252590
381890282591
314840212592
031890242593
361840272594
312890202595
831840232596
341890262597
310840292598
631890222599
431840224600
301890227601
316840220602
231890223603
381840226604
314890229605
031840222606
361890225607
312840228608
831890221609
831801222610
341806225611
310801228612
631806221613
321801224614
318806227615
431801220616
301806223617
316801226618
231806229619
231880220620
381380223621
314880226622
031380229623
361880222624
312380225625
831880228626
341380221627
310880224628
631380227629
631850228630
321800221631
318850224632
431800227633
301850220634
316800223635
231850226636
381800229637
314850222638
031800225639
031802226640
361807229641
312802222642
831807225643
341802228644
310807221645
631802224646
321807227647
318802220648
431807223649
431980224650
301480227651
316980220652
231480223653
381980226654
314480229655
031980222656
361480225657
312980228658
831480221659
831860222660
341810225661
310860228662
631810221663
321860224664
318810227665
431860220666
301810223667
316860226668
231810229669
231803220670
381808223671
314803226672
031808229673
361803222674
312808225675
831803228676
341808221677
310803224678
631808227679
631080228680
321580221681
318080224682
431580227683
301080220684
316580223685
231080226686
381580229687
314080222688
031580225689
031870226690
361820229691
312870222692
831820225693
341870228694
310820221695
631870224696
321820227697
318870220698
431820223699
231870522700
381820822701
314870122702
031820422703
361870722704
312820022705
831870322706
341820622707
310870922708
631820222709
631804322710
321809622711
318804922712
431809222713
301804522714
316809822715
231804122716
381809422717
314804722718
031809022719
031180122720
361680422721
312180722722
831680022723
341180322724
310680622725
631180922726
321680222727
318180522728
431680822729
431880922730
301830222731
316880522732
231830822733
381880122734
314830422735
031880722736
361830022737
312880322738
831830622739
831805722740
341800022741
310805322742
631800622743
321805922744
318800222745
431805522746
301800822747
316805122748
231800422749
231280522750
381780822751
314280122752
031780422753
361280722754
312780022755
831280322756
341780622757
310280922758
631780222759
631890322760
321840622761
318890922762
431840222763
301890522764
316840822765
231890122766
381840422767
314890722768
031840022769
031806122770
361801422771
312806722772
831801022773
341806322774
310801622775
631806922776
321801222777
318806522778
431801822779
431380922780
301880222781
316380522782
231880822783
381380122784
314880422785
031380722786
361880022787
312380322788
831880622789
831800722790
341850022791
310800322792
631850622793
321800922794
318850222795
431800522796
301850822797
316800122798
231850422799
031800262800
361850292801
312800222802
831850252803
341800282804
310850212805
631800242806
321850272807
318800202808
431850232809
431807242810
301802272811
316807202812
231802232813
381807262814
314802292815
031807222816
361802252817
312807282818
831802212819
831480222820
341980252821
310480282822
631980212823
321480242824
318980272825
431480202826
301980232827
316480262828
231980292829
231810202830
381860232831
314810262832
031860292833
361810222834
312860252835
831810282836
341860212837
310810242838
631860272839
631808282840
321803212841
318808242842
431803272843
301808202844
316803232845
231808262846
381803292847
314808222848
031803252849
031580262850
361080292851
312580222852
831080252853
341580282854
310080212855
631580242856
321080272857
318580202858
431080232859
431820242860
301870272861
316820202862
231870232863
381820262864
314870292865
031820222866
361870252867
312820282868
831870212869
831809222870
341804252871
310809282872
631804212873
321809242874
318804272875
431809202876
301804232877
316809262878
231804292879
231680202880
381180232881
314680262882
031180292883
361680222884
312180252885
831680282886
341180212887
310680242888
631180272889
631830282890
321880212891
318830242892
431880272893
301830202894
316880232895
231830262896
381880292897
314830222898
031880252899
831830227900
341880220901
310830223902
631880226903
321830229904
318880222905
431830225906
301880228907
316830221908
231880224909
231800225910
381805228911
314800221912
031805224913
361800227914
312805220915
831800223916
341805226917
310800229918
631805222919
631780223920
321280226921
318780229922
431280222923
301780225924
316280228925
231780221926
381280224927
314780227928
031280220929
031840221930
361890224931
312840227932
831890220933
341840223934
310890226935
631840229936
321890222937
318840225938
431890228939
431801229940
301806222941
316801225942
231806228943
381801221944
314806224945
031801227946
361806220947
312801223948
831806226949
831880227950
341380220951
310880223952
631380226953
321880229954
318380222955
431880225956
301380228957
316880221958
231380224959
231850225960
381800228961
314850221962
031800224963
361850227964
312800220965
831850223966
341800226967
310850229968
631800222969
631802223970
321807226971
318802229972
431807222973
301802225974
316807228975
231802221976
381807224977
314802227978
031807220979
031980221980
361480224981
312980227982
831480220983
341980223984
310480226985
631980229986
321480222987
318980225988
431480228989
431860229990
301810222991
316860225992
231810228993
381860221994
314810224995
031860227996
361810220997
312860223998
831810226999
831850234000