312008049001
327003349002
332008649003
392003949004
325008249005
132003549006
372008849007
323003149008
932008449009
932000549010
352500849011
321000149012
732500449013
332000749014
329500049015
532000349016
312500649017
327000949018
332500249019
332070349020
392020649021
325070949022
132020249023
372070549024
323020849025
932070149026
352020449027
321070749028
732020049029
732004149030
332009449031
329004749032
532009049033
312004349034
327009649035
332004949036
392009249037
325004549038
132009849039
132100949040
372600249041
323100549042
932600849043
352100149044
321600449045
732100749046
332600049047
329100349048
532600649049
532080749050
312030049051
327080349052
332030649053
392080949054
325030249055
132080549056
372030849057
323080149058
932030449059
932005549060
352000849061
321005149062
732000449063
332005749064
329000049065
532005349066
312000649067
327005949068
332000249069
332200349070
392700649071
325200949072
132700249073
372200549074
323700849075
932200149076
352700449077
321200749078
732700049079
732090149080
332040449081
329090749082
532040049083
312090349084
327040649085
332090949086
392040249087
325090549088
132040849089
132006949090
372001249091
323006549092
932001849093
352006149094
321001449095
732006749096
332001049097
329006349098
532001649099
332006489100
392001419101
325006449102
132001479103
372006409104
323001439105
932006469106
352001499107
321006429108
732001459109
732300469110
332800499111
329300429112
532800459113
312300489114
327800419115
332300449116
392800479117
325300409118
132800439119
132000449120
372050479121
323000409122
932050439123
352000469124
321050499125
732000429126
332050459127
329000489128
532050419129
532007429130
312002459131
327007489132
332002419133
392007449134
325002479135
132007409136
372002439137
323007469138
932002499139
932400409140
352900439141
321400469142
732900499143
332400429144
329900459145
532400489146
312900419147
327400449148
332900479149
332010489150
392060419151
325010449152
132060479153
372010409154
323060439155
932010469156
352060499157
321010429158
732060459159
732008469160
332003499161
329008429162
532003459163
312008489164
327003419165
332008449166
392003479167
325008409168
132003439169
132500449170
372000479171
323500409172
932000439173
352500469174
321000499175
732500429176
332000459177
329500489178
532000419179
532020429180
312070459181
327020489182
332070419183
392020449184
325070479185
132020409186
372070439187
323020469188
932070499189
932009409190
352004439191
321009469192
732004499193
332009429194
329004459195
532009489196
312004419197
327009449198
332004479199
132009499200
372004492201
323009495202
932004498203
352009491204
321004494205
732009497206
332004490207
329009493208
532004496209
532600497210
312100490211
327600493212
332100496213
392600499214
325100492215
132600495216
372100498217
323600491218
932100494219
932030495220
352080498221
321030491222
732080494223
332030497224
329080490225
532030493226
312080496227
327030499228
332080492229
332000493230
392005496231
325000499232
132005492233
372000495234
323005498235
932000491236
352005494237
321000497238
732005490239
732700491240
332200494241
329700497242
532200490243
312700493244
327200496245
332700499246
392200492247
325700495248
132200498249
132040499250
372090492251
323040495252
932090498253
352040491254
321090494255
732040497256
332090490257
329040493258
532090496259
532001497260
312006490261
327001493262
332006496263
392001499264
325006492265
132001495266
372006498267
323001491268
932006494269
932800495270
352300498271
321800491272
732300494273
332800497274
329300490275
532800493276
312300496277
327800499278
332300492279
332050493280
392000496281
325050499282
132000492283
372050495284
323000498285
932050491286
352000494287
321050497288
732000490289
732002491290
332007494291
329002497292
532007490293
312002493294
327007496295
332002499296
392007492297
325002495298
132007498299
932002049300
352007349301
321002649302
732007949303
332002249304
329007549305
532002849306
312007149307
327002449308
332007749309
332900849310
392400149311
325900449312
132400749313
372900049314
323400349315
932900649316
352400949317
321900249318
732400549319
732060649320
332010949321
329060249322
532010549323
312060849324
327010149325
332060449326
392010749327
325060049328
132010349329
132003449330
372008749331
323003049332
932008349333
352003649334
321008949335
732003249336
332008549337
329003849338
532008149339
532000249340
312500549341
327000849342
332500149343
392000449344
325500749345
132000049346
372500349347
323000649348
932500949349
932070049350
352020349351
321070649352
732020949353
332070249354
329020549355
532070849356
312020149357
327070449358
332020749359
332004849360
392009149361
325004449362
132009749363
372004049364
323009349365
932004649366
352009949367
321004249368
732009549369
732100649370
332600949371
329100249372
532600549373
312100849374
327600149375
332100449376
392600749377
325100049378
132600349379
132080449380
372030749381
323080049382
932030349383
352080649384
321030949385
732080249386
332030549387
329080849388
532030149389
532005249390
312000549391
327005849392
332000149393
392005449394
325000749395
132005049396
372000349397
323005649398
932000949399
732005419400
332000449401
329005479402
532000409403
312005439404
327000469405
332005499406
392000429407
325005459408
132000489409
132200499410
372700429411
323200459412
932700489413
352200419414
321700449415
732200479416
332700409417
329200439418
532700469419
532090479420
312040409421
327090439422
332040469423
392090499424
325040429425
132090459426
372040489427
323090419428
932040449429
932006459430
352001489431
321006419432
732001449433
332006479434
329001409435
532006439436
312001469437
327006499438
332001429439
332300439440
392800469441
325300499442
132800429443
372300459444
323800489445
932300419446
352800449447
321300479448
732800409449
732000419450
332050449451
329000479452
532050409453
312000439454
327050469455
332000499456
392050429457
325000459458
132050489459
132007499460
372002429461
323007459462
932002489463
352007419464
321002449465
732007479466
332002409467
329007439468
532002469469
532400479470
312900409471
327400439472
332900469473
392400499474
325900429475
132400459476
372900489477
323400419478
932900449479
932010459480
352060489481
321010419482
732060449483
332010479484
329060409485
532010439486
312060469487
327010499488
332060429489
332008439490
392003469491
325008499492
132003429493
372008459494
323003489495
932008419496
352003449497
321008479498
732003409499
532008492500
312003495501
327008498502
332003491503
392008494504
325003497505
132008490506
372003493507
323008496508
932003499509
932500490510
352000493511
321500496512
732000499513
332500492514
329000495515
532500498516
312000491517
327500494518
332000497519
332020498520
392070491521
325020494522
132070497523
372020490524
323070493525
932020496526
352070499527
321020492528
732070495529
732009496530
332004499531
329009492532
532004495533
312009498534
327004491535
332009494536
392004497537
325009490538
132004493539
132600494540
372100497541
323600490542
932100493543
352600496544
321100499545
732600492546
332100495547
329600498548
532100491549
532030492550
312080495551
327030498552
332080491553
392030494554
325080497555
132030490556
372080493557
323030496558
932080499559
932000490560
352005493561
321000496562
732005499563
332000492564
329005495565
532000498566
312005491567
327000494568
332005497569
332700498570
392200491571
325700494572
132200497573
372700490574
323200493575
932700496576
352200499577
321700492578
732200495579
732040496580
332090499581
329040492582
532090495583
312040498584
327090491585
332040494586
392090497587
325040490588
132090493589
132001494590
372006497591
323001490592
932006493593
352001496594
321006499595
732001492596
332006495597
329001498598
532006491599
332001349600
392006649601
325001949602
132006249603
372001549604
323006849605
932001149606
352006449607
321001749608
732006049609
732800149610
332300449611
329800749612
532300049613
312800349614
327300649615
332800949616
392300249617
325800549618
132300849619
132050949620
372000249621
323050549622
932000849623
352050149624
321000449625
732050749626
332000049627
329050349628
532000649629
532002749630
312007049631
327002349632
332007649633
392002949634
325007249635
132002549636
372007849637
323002149638
932007449639
932900549640
352400849641
321900149642
732400449643
332900749644
329400049645
532900349646
312400649647
327900949648
332400249649
332060349650
392010649651
325060949652
132010249653
372060549654
323010849655
932060149656
352010449657
321060749658
732010049659
732003149660
332008449661
329003749662
532008049663
312003349664
327008649665
332003949666
392008249667
325003549668
132008849669
132000949670
372500249671
323000549672
932500849673
352000149674
321500449675
732000749676
332500049677
329000349678
532500649679
532070749680
312020049681
327070349682
332020649683
392070949684
325020249685
132070549686
372020849687
323070149688
932020449689
932004549690
352009849691
321004149692
732009449693
332004749694
329009049695
532004349696
312009649697
327004949698
332009249699
132004449700
372009479701
323004409702
932009439703
352004469704
321009499705
732004429706
332009459707
329004489708
532009419709
532100429710
312600459711
327100489712
332600419713
392100449714
325600479715
132100409716
372600439717
323100469718
932600499719
932080409720
352030439721
321080469722
732030499723
332080429724
329030459725
532080489726
312030419727
327080449728
332030479729
332005489730
392000419731
325005449732
132000479733
372005409734
323000439735
932005469736
352000499737
321005429738
732000459739
732200469740
332700499741
329200429742
532700459743
312200489744
327700419745
332200449746
392700479747
325200409748
132700439749
132090449750
372040479751
323090409752
932040439753
352090469754
321040499755
732090429756
332040459757
329090489758
532040419759
532006429760
312001459761
327006489762
332001419763
392006449764
325001479765
132006409766
372001439767
323006469768
932001499769
932300409770
352800439771
321300469772
732800499773
332300429774
329800459775
532300489776
312800419777
327300449778
332800479779
332000489780
392050419781
325000449782
132050479783
372000409784
323050439785
932000469786
352050499787
321000429788
732050459789
732007469790
332002499791
329007429792
532002459793
312007489794
327002419795
332007449796
392002479797
325007409798
132002439799
932007495800
352002498801
321007491802
732002494803
332007497804
329002490805
532007493806
312002496807
327007499808
332002492809
332400493810
392900496811
325400499812
132900492813
372400495814
323900498815
932400491816
352900494817
321400497818
732900490819
732010491820
332060494821
329010497822
532060490823
312010493824
327060496825
332010499826
392060492827
325010495828
132060498829
132008499830
372003492831
323008495832
932003498833
352008491834
321003494835
732008497836
332003490837
329008493838
532003496839
532500497840
312000490841
327500493842
332000496843
392500499844
325000492845
132500495846
372000498847
323500491848
932000494849
932020495850
352070498851
321020491852
732070494853
332020497854
329070490855
532020493856
312070496857
327020499858
332070492859
332009493860
392004496861
325009499862
132004492863
372009495864
323004498865
932009491866
352004494867
321009497868
732004490869
732600491870
332100494871
329600497872
532100490873
312600493874
327100496875
332600499876
392100492877
325600495878
132100498879
132030499880
372080492881
323030495882
932080498883
352030491884
321080494885
732030497886
332080490887
329030493888
532080496889
532000497890
312005490891
327000493892
332005496893
392000499894
325005492895
132000495896
372005498897
323000491898
932005494899
732000649900
332005949901
329000249902
532005549903
312000849904
327005149905
332000449906
392005749907
325000049908
132005349909
132700449910
372200749911
323700049912
932200349913
352700649914
321200949915
732700249916
332200549917
329700849918
532200149919
532040249920
312090549921
327040849922
332090149923
392040449924
325090749925
132040049926
372090349927
323040649928
932090949929
932001049930
352006349931
321001649932
732006949933
332001249934
329006549935
532001849936
312006149937
327001449938
332006749939
332800849940
392300149941
325800449942
132300749943
372800049944
323300349945
932800649946
352300949947
321800249948
732300549949
732050649950
332000949951
329050249952
532000549953
312050849954
327000149955
332050449956
392000749957
325050049958
132000349959
132002449960
372007749961
323002049962
932007349963
352002649964
321007949965
732002249966
332007549967
329002849968
532007149969
532900249970
312400549971
327900849972
332400149973
392900449974
325400749975
132900049976
372400349977
323900649978
932400949979
932060049980
352010349981
321060649982
732010949983
332060249984
329010549985
532060849986
312010149987
327060449988
332010749989
332003849990
392008149991
325003449992
132008749993
372003049994
323008349995
932003649996
352008949997
321003249998
732008549999
232003750000