362007639001
322002939002
832007239003
342002539004
320007839005
632002139006
322007439007
328002739008
432007039009
432900139010
302400439011
326900739012
232400039013
382900339014
324400639015
032900939016
362400239017
322900539018
832400839019
832060939020
342010239021
320060539022
632010839023
322060139024
328010439025
432060739026
302010039027
326060339028
232010639029
232003739030
382008039031
324003339032
032008639033
362003939034
322008239035
832003539036
342008839037
320003139038
632008439039
632000539040
322500839041
328000139042
432500439043
302000739044
326500039045
232000339046
382500639047
324000939048
032500239049
032070339050
362020639051
322070939052
832020239053
342070539054
320020839055
632070139056
322020439057
328070739058
432020039059
432004139060
302009439061
326004739062
232009039063
382004339064
324009639065
032004939066
362009239067
322004539068
832009839069
832100939070
342600239071
320100539072
632600839073
322100139074
328600439075
432100739076
302600039077
326100339078
232600639079
232080739080
382030039081
324080339082
032030639083
362080939084
322030239085
832080539086
342030839087
320080139088
632030439089
632005539090
322000839091
328005139092
432000439093
302005739094
326000039095
232005339096
382000639097
324005939098
032000239099
832005349100
342000379101
320005309102
632000339103
322005369104
328000399105
432005329106
302000359107
326005389108
232000319109
232200329110
382700359111
324200389112
032700319113
362200349114
322700379115
832200309116
342700339117
320200369118
632700399119
632090309120
322040339121
328090369122
432040399123
302090329124
326040359125
232090389126
382040319127
324090349128
032040379129
032006389130
362001319131
322006349132
832001379133
342006309134
320001339135
632006369136
322001399137
328006329138
432001359139
432300369140
302800399141
326300329142
232800359143
382300389144
324800319145
032300349146
362800379147
322300309148
832800339149
832000349150
342050379151
320000309152
632050339153
322000369154
328050399155
432000329156
302050359157
326000389158
232050319159
232007329160
382002359161
324007389162
032002319163
362007349164
322002379165
832007309166
342002339167
320007369168
632002399169
632400309170
322900339171
328400369172
432900399173
302400329174
326900359175
232400389176
382900319177
324400349178
032900379179
032010389180
362060319181
322010349182
832060379183
342010309184
320060339185
632010369186
322060399187
328010329188
432060359189
432008369190
302003399191
326008329192
232003359193
382008389194
324003319195
032008349196
362003379197
322008309198
832003339199
632008395200
322003398201
328008391202
432003394203
302008397204
326003390205
232008393206
382003396207
324008399208
032003392209
032500393210
362000396211
322500399212
832000392213
342500395214
320000398215
632500391216
322000394217
328500397218
432000390219
432020391220
302070394221
326020397222
232070390223
382020393224
324070396225
032020399226
362070392227
322020395228
832070398229
832009399230
342004392231
320009395232
632004398233
322009391234
328004394235
432009397236
302004390237
326009393238
232004396239
232600397240
382100390241
324600393242
032100396243
362600399244
322100392245
832600395246
342100398247
320600391248
632100394249
632030395250
322080398251
328030391252
432080394253
302030397254
326080390255
232030393256
382080396257
324030399258
032080392259
032000393260
362005396261
322000399262
832005392263
342000395264
320005398265
632000391266
322005394267
328000397268
432005390269
432700391270
302200394271
326700397272
232200390273
382700393274
324200396275
032700399276
362200392277
322700395278
832200398279
832040399280
342090392281
320040395282
632090398283
322040391284
328090394285
432040397286
302090390287
326040393288
232090396289
232001397290
382006390291
324001393292
032006396293
362001399294
322006392295
832001395296
342006398297
320001391298
632006394299
432001639300
302006939301
326001239302
232006539303
382001839304
324006139305
032001439306
362006739307
322001039308
832006339309
832800439310
342300739311
320800039312
632300339313
322800639314
328300939315
432800239316
302300539317
326800839318
232300139319
232050239320
382000539321
324050839322
032000139323
362050439324
322000739325
832050039326
342000339327
320050639328
632000939329
632002039330
322007339331
328002639332
432007939333
302002239334
326007539335
232002839336
382007139337
324002439338
032007739339
032900839340
362400139341
322900439342
832400739343
342900039344
320400339345
632900639346
322400939347
328900239348
432400539349
432060639350
302010939351
326060239352
232010539353
382060839354
324010139355
032060439356
362010739357
322060039358
832010339359
832003439360
342008739361
320003039362
632008339363
322003639364
328008939365
432003239366
302008539367
326003839368
232008139369
232000239370
382500539371
324000839372
032500139373
362000439374
322500739375
832000039376
342500339377
320000639378
632500939379
632070039380
322020339381
328070639382
432020939383
302070239384
326020539385
232070839386
382020139387
324070439388
032020739389
032004839390
362009139391
322004439392
832009739393
342004039394
320009339395
632004639396
322009939397
328004239398
432009539399
232004379400
382009309401
324004339402
032009369403
362004399404
322009329405
832004359406
342009389407
320004319408
632009349409
632100359410
322600389411
328100319412
432600349413
302100379414
326600309415
232100339416
382600369417
324100399418
032600329419
032080339420
362030369421
322080399422
832030329423
342080359424
320030389425
632080319426
322030349427
328080379428
432030309429
432005319430
302000349431
326005379432
232000309433
382005339434
324000369435
032005399436
362000329437
322005359438
832000389439
832200399440
342700329441
320200359442
632700389443
322200319444
328700349445
432200379446
302700309447
326200339448
232700369449
232090379450
382040309451
324090339452
032040369453
362090399454
322040329455
832090359456
342040389457
320090319458
632040349459
632006359460
322001389461
328006319462
432001349463
302006379464
326001309465
232006339466
382001369467
324006399468
032001329469
032300339470
362800369471
322300399472
832800329473
342300359474
320800389475
632300319476
322800349477
328300379478
432800309479
432000319480
302050349481
326000379482
232050309483
382000339484
324050369485
032000399486
362050329487
322000359488
832050389489
832007399490
342002329491
320007359492
632002389493
322007319494
328002349495
432007379496
302002309497
326007339498
232002369499
032007398500
362002391501
322007394502
832002397503
342007390504
320002393505
632007396506
322002399507
328007392508
432002395509
432400396510
302900399511
326400392512
232900395513
382400398514
324900391515
032400394516
362900397517
322400390518
832900393519
832010394520
342060397521
320010390522
632060393523
322010396524
328060399525
432010392526
302060395527
326010398528
232060391529
232008392530
382003395531
324008398532
032003391533
362008394534
322003397535
832008390536
342003393537
320008396538
632003399539
632500390540
322000393541
328500396542
432000399543
302500392544
326000395545
232500398546
382000391547
324500394548
032000397549
032020398550
362070391551
322020394552
832070397553
342020390554
320070393555
632020396556
322070399557
328020392558
432070395559
432009396560
302004399561
326009392562
232004395563
382009398564
324004391565
032009394566
362004397567
322009390568
832004393569
832600394570
342100397571
320600390572
632100393573
322600396574
328100399575
432600392576
302100395577
326600398578
232100391579
232030392580
382080395581
324030398582
032080391583
362030394584
322080397585
832030390586
342080393587
320030396588
632080399589
632000390590
322005393591
328000396592
432005399593
302000392594
326005395595
232000398596
382005391597
324000394598
032005397599
832000939600
342005239601
320000539602
632005839603
322000139604
328005439605
432000739606
302005039607
326000339608
232005639609
232700739610
382200039611
324700339612
032200639613
362700939614
322200239615
832700539616
342200839617
320700139618
632200439619
632040539620
322090839621
328040139622
432090439623
302040739624
326090039625
232040339626
382090639627
324040939628
032090239629
032001339630
362006639631
322001939632
832006239633
342001539634
320006839635
632001139636
322006439637
328001739638
432006039639
432800139640
302300439641
326800739642
232300039643
382800339644
324300639645
032800939646
362300239647
322800539648
832300839649
832050939650
342000239651
320050539652
632000839653
322050139654
328000439655
432050739656
302000039657
326050339658
232000639659
232002739660
382007039661
324002339662
032007639663
362002939664
322007239665
832002539666
342007839667
320002139668
632007439669
632900539670
322400839671
328900139672
432400439673
302900739674
326400039675
232900339676
382400639677
324900939678
032400239679
032060339680
362010639681
322060939682
832010239683
342060539684
320010839685
632060139686
322010439687
328060739688
432010039689
432003139690
302008439691
326003739692
232008039693
382003339694
324008639695
032003939696
362008239697
322003539698
832008839699
632003309700
322008339701
328003369702
432008399703
302003329704
326008359705
232003389706
382008319707
324003349708
032008379709
032000389710
362500319711
322000349712
832500379713
342000309714
320500339715
632000369716
322500399717
328000329718
432500359719
432070369720
302020399721
326070329722
232020359723
382070389724
324020319725
032070349726
362020379727
322070309728
832020339729
832004349730
342009379731
320004309732
632009339733
322004369734
328009399735
432004329736
302009359737
326004389738
232009319739
232100329740
382600359741
324100389742
032600319743
362100349744
322600379745
832100309746
342600339747
320100369748
632600399749
632080309750
322030339751
328080369752
432030399753
302080329754
326030359755
232080389756
382030319757
324080349758
032030379759
032005389760
362000319761
322005349762
832000379763
342005309764
320000339765
632005369766
322000399767
328005329768
432000359769
432200369770
302700399771
326200329772
232700359773
382200389774
324700319775
032200349776
362700379777
322200309778
832700339779
832090349780
342040379781
320090309782
632040339783
322090369784
328040399785
432090329786
302040359787
326090389788
232040319789
232006329790
382001359791
324006389792
032001319793
362006349794
322001379795
832006309796
342001339797
320006369798
632001399799
432006391800
302001394801
326006397802
232001390803
382006393804
324001396805
032006399806
362001392807
322006395808
832001398809
832300399810
342800392811
320300395812
632800398813
322300391814
328800394815
432300397816
302800390817
326300393818
232800396819
232000397820
382050390821
324000393822
032050396823
362000399824
322050392825
832000395826
342050398827
320000391828
632050394829
632007395830
322002398831
328007391832
432002394833
302007397834
326002390835
232007393836
382002396837
324007399838
032002392839
032400393840
362900396841
322400399842
832900392843
342400395844
320900398845
632400391846
322900394847
328400397848
432900390849
432010391850
302060394851
326010397852
232060390853
382010393854
324060396855
032010399856
362060392857
322010395858
832060398859
832008399860
342003392861
320008395862
632003398863
322008391864
328003394865
432008397866
302003390867
326008393868
232003396869
232500397870
382000390871
324500393872
032000396873
362500399874
322000392875
832500395876
342000398877
320500391878
632000394879
632020395880
322070398881
328020391882
432070394883
302020397884
326070390885
232020393886
382070396887
324020399888
032070392889
032009393890
362004396891
322009399892
832004392893
342009395894
320004398895
632009391896
322004394897
328009397898
432004390899
232009239900
382004539901
324009839902
032004139903
362009439904
322004739905
832009039906
342004339907
320009639908
632004939909
632600039910
322100339911
328600639912
432100939913
302600239914
326100539915
232600839916
382100139917
324600439918
032100739919
032030839920
362080139921
322030439922
832080739923
342030039924
320080339925
632030639926
322080939927
328030239928
432080539929
432000639930
302005939931
326000239932
232005539933
382000839934
324005139935
032000439936
362005739937
322000039938
832005339939
832700439940
342200739941
320700039942
632200339943
322700639944
328200939945
432700239946
302200539947
326700839948
232200139949
232040239950
382090539951
324040839952
032090139953
362040439954
322090739955
832040039956
342090339957
320040639958
632090939959
632001039960
322006339961
328001639962
432006939963
302001239964
326006539965
232001839966
382006139967
324001439968
032006739969
032800839970
362300139971
322800439972
832300739973
342800039974
320300339975
632800639976
322300939977
328800239978
432300539979
432050639980
302000939981
326050239982
232000539983
382050839984
324000139985
032050439986
362000739987
322050039988
832000339989
832002439990
342007739991
320002039992
632007339993
322002639994
328007939995
432002239996
302007539997
326002839998
232007139999
732002340000