372005842001
323000142002
932005442003
352000742004
321005042005
732000342006
332005642007
329000942008
532005242009
532700342010
312200642011
327700942012
332200242013
392700542014
325200842015
132700142016
372200442017
323700742018
932200042019
932040142020
352090442021
321040742022
732090042023
332040342024
329090642025
532040942026
312090242027
327040542028
332090842029
332001942030
392006242031
325001542032
132006842033
372001142034
323006442035
932001742036
352006042037
321001342038
732006642039
732800742040
332300042041
329800342042
532300642043
312800942044
327300242045
332800542046
392300842047
325800142048
132300442049
132050542050
372000842051
323050142052
932000442053
352050742054
321000042055
732050342056
332000642057
329050942058
532000242059
532002342060
312007642061
327002942062
332007242063
392002542064
325007842065
132002142066
372007442067
323002742068
932007042069
932900142070
352400442071
321900742072
732400042073
332900342074
329400642075
532900942076
312400242077
327900542078
332400842079
332060942080
392010242081
325060542082
132010842083
372060142084
323010442085
932060742086
352010042087
321060342088
732010642089
732003742090
332008042091
329003342092
532008642093
312003942094
327008242095
332003542096
392008842097
325003142098
132008442099
932003462100
352008492101
321003422102
732008452103
332003482104
329008412105
532003442106
312008472107
327003402108
332008432109
332000442110
392500472111
325000402112
132500432113
372000462114
323500492115
932000422116
352500452117
321000482118
732500412119
732070422120
332020452121
329070482122
532020412123
312070442124
327020472125
332070402126
392020432127
325070462128
132020492129
132004402130
372009432131
323004462132
932009492133
352004422134
321009452135
732004482136
332009412137
329004442138
532009472139
532100482140
312600412141
327100442142
332600472143
392100402144
325600432145
132100462146
372600492147
323100422148
932600452149
932080462150
352030492151
321080422152
732030452153
332080482154
329030412155
532080442156
312030472157
327080402158
332030432159
332005442160
392000472161
325005402162
132000432163
372005462164
323000492165
932005422166
352000452167
321005482168
732000412169
732200422170
332700452171
329200482172
532700412173
312200442174
327700472175
332200402176
392700432177
325200462178
132700492179
132090402180
372040432181
323090462182
932040492183
352090422184
321040452185
732090482186
332040412187
329090442188
532040472189
532006482190
312001412191
327006442192
332001472193
392006402194
325001432195
132006462196
372001492197
323006422198
932001452199
732006427200
332001420201
329006423202
532001426203
312006429204
327001422205
332006425206
392001428207
325006421208
132001424209
132300425210
372800428211
323300421212
932800424213
352300427214
321800420215
732300423216
332800426217
329300429218
532800422219
532000423220
312050426221
327000429222
332050422223
392000425224
325050428225
132000421226
372050424227
323000427228
932050420229
932007421230
352002424231
321007427232
732002420233
332007423234
329002426235
532007429236
312002422237
327007425238
332002428239
332400429240
392900422241
325400425242
132900428243
372400421244
323900424245
932400427246
352900420247
321400423248
732900426249
732010427250
332060420251
329010423252
532060426253
312010429254
327060422255
332010425256
392060428257
325010421258
132060424259
132008425260
372003428261
323008421262
932003424263
352008427264
321003420265
732008423266
332003426267
329008429268
532003422269
532500423270
312000426271
327500429272
332000422273
392500425274
325000428275
132500421276
372000424277
323500427278
932000420279
932020421280
352070424281
321020427282
732070420283
332020423284
329070426285
532020429286
312070422287
327020425288
332070428289
332009429290
392004422291
325009425292
132004428293
372009421294
323004424295
932009427296
352004420297
321009423298
732004426299
532009842300
312004142301
327009442302
332004742303
392009042304
325004342305
132009642306
372004942307
323009242308
932004542309
932600642310
352100942311
321600242312
732100542313
332600842314
329100142315
532600442316
312100742317
327600042318
332100342319
332030442320
392080742321
325030042322
132080342323
372030642324
323080942325
932030242326
352080542327
321030842328
732080142329
732000242330
332005542331
329000842332
532005142333
312000442334
327005742335
332000042336
392005342337
325000642338
132005942339
132700042340
372200342341
323700642342
932200942343
352700242344
321200542345
732700842346
332200142347
329700442348
532200742349
532040842350
312090142351
327040442352
332090742353
392040042354
325090342355
132040642356
372090942357
323040242358
932090542359
932001642360
352006942361
321001242362
732006542363
332001842364
329006142365
532001442366
312006742367
327001042368
332006342369
332800442370
392300742371
325800042372
132300342373
372800642374
323300942375
932800242376
352300542377
321800842378
732300142379
732050242380
332000542381
329050842382
532000142383
312050442384
327000742385
332050042386
392000342387
325050642388
132000942389
132002042390
372007342391
323002642392
932007942393
352002242394
321007542395
732002842396
332007142397
329002442398
532007742399
332002492400
392007422401
325002452402
132007482403
372002412404
323007442405
932002472406
352007402407
321002432408
732007462409
732900472410
332400402411
329900432412
532400462413
312900492414
327400422415
332900452416
392400482417
325900412418
132400442419
132060452420
372010482421
323060412422
932010442423
352060472424
321010402425
732060432426
332010462427
329060492428
532010422429
532003432430
312008462431
327003492432
332008422433
392003452434
325008482435
132003412436
372008442437
323003472438
932008402439
932000412440
352500442441
321000472442
732500402443
332000432444
329500462445
532000492446
312500422447
327000452448
332500482449
332070492450
392020422451
325070452452
132020482453
372070412454
323020442455
932070472456
352020402457
321070432458
732020462459
732004472460
332009402461
329004432462
532009462463
312004492464
327009422465
332004452466
392009482467
325004412468
132009442469
132100452470
372600482471
323100412472
932600442473
352100472474
321600402475
732100432476
332600462477
329100492478
532600422479
532080432480
312030462481
327080492482
332030422483
392080452484
325030482485
132080412486
372030442487
323080472488
932030402489
932005412490
352000442491
321005472492
732000402493
332005432494
329000462495
532005492496
312000422497
327005452498
332000482499
132005420500
372000423501
323005426502
932000429503
352005422504
321000425505
732005428506
332000421507
329005424508
532000427509
532200428510
312700421511
327200424512
332700427513
392200420514
325700423515
132200426516
372700429517
323200422518
932700425519
932090426520
352040429521
321090422522
732040425523
332090428524
329040421525
532090424526
312040427527
327090420528
332040423529
332006424530
392001427531
325006420532
132001423533
372006426534
323001429535
932006422536
352001425537
321006428538
732001421539
732300422540
332800425541
329300428542
532800421543
312300424544
327800427545
332300420546
392800423547
325300426548
132800429549
132000420550
372050423551
323000426552
932050429553
352000422554
321050425555
732000428556
332050421557
329000424558
532050427559
532007428560
312002421561
327007424562
332002427563
392007420564
325002423565
132007426566
372002429567
323007422568
932002425569
932400426570
352900429571
321400422572
732900425573
332400428574
329900421575
532400424576
312900427577
327400420578
332900423579
332010424580
392060427581
325010420582
132060423583
372010426584
323060429585
932010422586
352060425587
321010428588
732060421589
732008422590
332003425591
329008428592
532003421593
312008424594
327003427595
332008420596
392003423597
325008426598
132003429599
932008142600
352003442601
321008742602
732003042603
332008342604
329003642605
532008942606
312003242607
327008542608
332003842609
332500942610
392000242611
325500542612
132000842613
372500142614
323000442615
932500742616
352000042617
321500342618
732000642619
732020742620
332070042621
329020342622
532070642623
312020942624
327070242625
332020542626
392070842627
325020142628
132070442629
132009542630
372004842631
323009142632
932004442633
352009742634
321004042635
732009342636
332004642637
329009942638
532004242639
532600342640
312100642641
327600942642
332100242643
392600542644
325100842645
132600142646
372100442647
323600742648
932100042649
932030142650
352080442651
321030742652
732080042653
332030342654
329080642655
532030942656
312080242657
327030542658
332080842659
332000942660
392005242661
325000542662
132005842663
372000142664
323005442665
932000742666
352005042667
321000342668
732005642669
732700742670
332200042671
329700342672
532200642673
312700942674
327200242675
332700542676
392200842677
325700142678
132200442679
132040542680
372090842681
323040142682
932090442683
352040742684
321090042685
732040342686
332090642687
329040942688
532090242689
532001342690
312006642691
327001942692
332006242693
392001542694
325006842695
132001142696
372006442697
323001742698
932006042699
732001422700
332006452701
329001482702
532006412703
312001442704
327006472705
332001402706
392006432707
325001462708
132006492709
132800402710
372300432711
323800462712
932300492713
352800422714
321300452715
732800482716
332300412717
329800442718
532300472719
532050482720
312000412721
327050442722
332000472723
392050402724
325000432725
132050462726
372000492727
323050422728
932000452729
932002462730
352007492731
321002422732
732007452733
332002482734
329007412735
532002442736
312007472737
327002402738
332007432739
332900442740
392400472741
325900402742
132400432743
372900462744
323400492745
932900422746
352400452747
321900482748
732400412749
732060422750
332010452751
329060482752
532010412753
312060442754
327010472755
332060402756
392010432757
325060462758
132010492759
132003402760
372008432761
323003462762
932008492763
352003422764
321008452765
732003482766
332008412767
329003442768
532008472769
532000482770
312500412771
327000442772
332500472773
392000402774
325500432775
132000462776
372500492777
323000422778
932500452779
932070462780
352020492781
321070422782
732020452783
332070482784
329020412785
532070442786
312020472787
327070402788
332020432789
332004442790
392009472791
325004402792
132009432793
372004462794
323009492795
932004422796
352009452797
321004482798
732009412799
532004423800
312009426801
327004429802
332009422803
392004425804
325009428805
132004421806
372009424807
323004427808
932009420809
932100421810
352600424811
321100427812
732600420813
332100423814
329600426815
532100429816
312600422817
327100425818
332600428819
332080429820
392030422821
325080425822
132030428823
372080421824
323030424825
932080427826
352030420827
321080423828
732030426829
732005427830
332000420831
329005423832
532000426833
312005429834
327000422835
332005425836
392000428837
325005421838
132000424839
132200425840
372700428841
323200421842
932700424843
352200427844
321700420845
732200423846
332700426847
329200429848
532700422849
532090423850
312040426851
327090429852
332040422853
392090425854
325040428855
132090421856
372040424857
323090427858
932040420859
932006421860
352001424861
321006427862
732001420863
332006423864
329001426865
532006429866
312001422867
327006425868
332001428869
332300429870
392800422871
325300425872
132800428873
372300421874
323800424875
932300427876
352800420877
321300423878
732800426879
732000427880
332050420881
329000423882
532050426883
312000429884
327050422885
332000425886
392050428887
325000421888
132050424889
132007425890
372002428891
323007421892
932002424893
352007427894
321002420895
732007423896
332002426897
329007429898
532002422899
332007442900
392002742901
325007042902
132002342903
372007642904
323002942905
932007242906
352002542907
321007842908
732002142909
732400242910
332900542911
329400842912
532900142913
312400442914
327900742915
332400042916
392900342917
325400642918
132900942919
132010042920
372060342921
323010642922
932060942923
352010242924
321060542925
732010842926
332060142927
329010442928
532060742929
532008842930
312003142931
327008442932
332003742933
392008042934
325003342935
132008642936
372003942937
323008242938
932003542939
932500642940
352000942941
321500242942
732000542943
332500842944
329000142945
532500442946
312000742947
327500042948
332000342949
332020442950
392070742951
325020042952
132070342953
372020642954
323070942955
932020242956
352070542957
321020842958
732070142959
732009242960
332004542961
329009842962
532004142963
312009442964
327004742965
332009042966
392004342967
325009642968
132004942969
132600042970
372100342971
323600642972
932100942973
352600242974
321100542975
732600842976
332100142977
329600442978
532100742979
532030842980
312080142981
327030442982
332080742983
392030042984
325080342985
132030642986
372080942987
323030242988
932080542989
932000642990
352005942991
321000242992
732005542993
332000842994
329005142995
532000442996
312005742997
327000042998
332005342999
332009143000