301820215001
316870218002
231820211003
381870214004
314820217005
031870210006
361820213007
312870216008
831820219009
831804210010
341809213011
310804216012
631809219013
321804212014
318809215015
431804218016
301809211017
316804214018
231809217019
231180218020
381680211021
314180214022
031680217023
361180210024
312680213025
831180216026
341680219027
310180212028
631680215029
631880216030
321830219031
318880212032
431830215033
301880218034
316830211035
231880214036
381830217037
314880210038
031830213039
031805214040
361800217041
312805210042
831800213043
341805216044
310800219045
631805212046
321800215047
318805218048
431800211049
431280212050
301780215051
316280218052
231780211053
381280214054
314780217055
031280210056
361780213057
312280216058
831780219059
831890210060
341840213061
310890216062
631840219063
321890212064
318840215065
431890218066
301840211067
316890214068
231840217069
231806218070
381801211071
314806214072
031801217073
361806210074
312801213075
831806216076
341801219077
310806212078
631801215079
631380216080
321880219081
318380212082
431880215083
301380218084
316880211085
231380214086
381880217087
314380210088
031880213089
031800214090
361850217091
312800210092
831850213093
341800216094
310850219095
631800212096
321850215097
318800218098
431850211099
231800321100
381850621101
314800921102
031850221103
361800521104
312850821105
831800121106
341850421107
310800721108
631850021109
631807121110
321802421111
318807721112
431802021113
301807321114
316802621115
231807921116
381802221117
314807521118
031802821119
031480921120
361980221121
312480521122
831980821123
341480121124
310980421125
631480721126
321980021127
318480321128
431980621129
431810721130
301860021131
316810321132
231860621133
381810921134
314860221135
031810521136
361860821137
312810121138
831860421139
831808521140
341803821141
310808121142
631803421143
321808721144
318803021145
431808321146
301803621147
316808921148
231803221149
231580321150
381080621151
314580921152
031080221153
361580521154
312080821155
831580121156
341080421157
310580721158
631080021159
631820121160
321870421161
318820721162
431870021163
301820321164
316870621165
231820921166
381870221167
314820521168
031870821169
031809921170
361804221171
312809521172
831804821173
341809121174
310804421175
631809721176
321804021177
318809321178
431804621179
431680721180
301180021181
316680321182
231180621183
381680921184
314180221185
031680521186
361180821187
312680121188
831180421189
831830521190
341880821191
310830121192
631880421193
321830721194
318880021195
431830321196
301880621197
316830921198
231880221199
031830241200
361880271201
312830201202
831880231203
341830261204
310880291205
631830221206
321880251207
318830281208
431880211209
431800221210
301805251211
316800281212
231805211213
381800241214
314805271215
031800201216
361805231217
312800261218
831805291219
831780201220
341280231221
310780261222
631280291223
321780221224
318280251225
431780281226
301280211227
316780241228
231280271229
231840281230
381890211231
314840241232
031890271233
361840201234
312890231235
831840261236
341890291237
310840221238
631890251239
631801261240
321806291241
318801221242
431806251243
301801281244
316806211245
231801241246
381806271247
314801201248
031806231249
031880241250
361380271251
312880201252
831380231253
341880261254
310380291255
631880221256
321380251257
318880281258
431380211259
431850221260
301800251261
316850281262
231800211263
381850241264
314800271265
031850201266
361800231267
312850261268
831800291269
831802201270
341807231271
310802261272
631807291273
321802221274
318807251275
431802281276
301807211277
316802241278
231807271279
231980281280
381480211281
314980241282
031480271283
361980201284
312480231285
831980261286
341480291287
310980221288
631480251289
631860261290
321810291291
318860221292
431810251293
301860281294
316810211295
231860241296
381810271297
314860201298
031810231299
831860215300
341810218301
310860211302
631810214303
321860217304
318810210305
431860213306
301810216307
316860219308
231810212309
231803213310
381808216311
314803219312
031808212313
361803215314
312808218315
831803211316
341808214317
310803217318
631808210319
631080211320
321580214321
318080217322
431580210323
301080213324
316580216325
231080219326
381580212327
314080215328
031580218329
031870219330
361820212331
312870215332
831820218333
341870211334
310820214335
631870217336
321820210337
318870213338
431820216339
431804217340
301809210341
316804213342
231809216343
381804219344
314809212345
031804215346
361809218347
312804211348
831809214349
831180215350
341680218351
310180211352
631680214353
321180217354
318680210355
431180213356
301680216357
316180219358
231680212359
231880213360
381830216361
314880219362
031830212363
361880215364
312830218365
831880211366
341830214367
310880217368
631830210369
631805211370
321800214371
318805217372
431800210373
301805213374
316800216375
231805219376
381800212377
314805215378
031800218379
031280219380
361780212381
312280215382
831780218383
341280211384
310780214385
631280217386
321780210387
318280213388
431780216389
431890217390
301840210391
316890213392
231840216393
381890219394
314840212395
031890215396
361840218397
312890211398
831840214399
631890621400
321840921401
318890221402
431840521403
301890821404
316840121405
231890421406
381840721407
314890021408
031840321409
031806421410
361801721411
312806021412
831801321413
341806621414
310801921415
631806221416
321801521417
318806821418
431801121419
431380221420
301880521421
316380821422
231880121423
381380421424
314880721425
031380021426
361880321427
312380621428
831880921429
831800021430
341850321431
310800621432
631850921433
321800221434
318850521435
431800821436
301850121437
316800421438
231850721439
231807821440
381802121441
314807421442
031802721443
361807021444
312802321445
831807621446
341802921447
310807221448
631802521449
631480621450
321980921451
318480221452
431980521453
301480821454
316980121455
231480421456
381980721457
314480021458
031980321459
031810421460
361860721461
312810021462
831860321463
341810621464
310860921465
631810221466
321860521467
318810821468
431860121469
431808221470
301803521471
316808821472
231803121473
381808421474
314803721475
031808021476
361803321477
312808621478
831803921479
831580021480
341080321481
310580621482
631080921483
321580221484
318080521485
431580821486
301080121487
316580421488
231080721489
231820821490
381870121491
314820421492
031870721493
361820021494
312870321495
831820621496
341870921497
310820221498
631870521499
431820271500
301870201501
316820231502
231870261503
381820291504
314870221505
031820251506
361870281507
312820211508
831870241509
831809251510
341804281511
310809211512
631804241513
321809271514
318804201515
431809231516
301804261517
316809291518
231804221519
231680231520
381180261521
314680291522
031180221523
361680251524
312180281525
831680211526
341180241527
310680271528
631180201529
631830211530
321880241531
318830271532
431880201533
301830231534
316880261535
231830291536
381880221537
314830251538
031880281539
031800291540
361805221541
312800251542
831805281543
341800211544
310805241545
631800271546
321805201547
318800231548
431805261549
431780271550
301280201551
316780231552
231280261553
381780291554
314280221555
031780251556
361280281557
312780211558
831280241559
831840251560
341890281561
310840211562
631890241563
321840271564
318890201565
431840231566
301890261567
316840291568
231890221569
231801231570
381806261571
314801291572
031806221573
361801251574
312806281575
831801211576
341806241577
310801271578
631806201579
631880211580
321380241581
318880271582
431380201583
301880231584
316380261585
231880291586
381380221587
314880251588
031380281589
031850291590
361800221591
312850251592
831800281593
341850211594
310800241595
631850271596
321800201597
318850231598
431800261599
231850218600
381800211601
314850214602
031800217603
361850210604
312800213605
831850216606
341800219607
310850212608
631800215609
631802216610
321807219611
318802212612
431807215613
301802218614
316807211615
231802214616
381807217617
314802210618
031807213619
031980214620
361480217621
312980210622
831480213623
341980216624
310480219625
631980212626
321480215627
318980218628
431480211629
431860212630
301810215631
316860218632
231810211633
381860214634
314810217635
031860210636
361810213637
312860216638
831810219639
831803210640
341808213641
310803216642
631808219643
321803212644
318808215645
431803218646
301808211647
316803214648
231808217649
231080218650
381580211651
314080214652
031580217653
361080210654
312580213655
831080216656
341580219657
310080212658
631580215659
631870216660
321820219661
318870212662
431820215663
301870218664
316820211665
231870214666
381820217667
314870210668
031820213669
031804214670
361809217671
312804210672
831809213673
341804216674
310809219675
631804212676
321809215677
318804218678
431809211679
431180212680
301680215681
316180218682
231680211683
381180214684
314680217685
031180210686
361680213687
312180216688
831680219689
831880210690
341830213691
310880216692
631830219693
321880212694
318830215695
431880218696
301830211697
316880214698
231830217699
031880921700
361830221701
312880521702
831830821703
341880121704
310830421705
631880721706
321830021707
318880321708
431830621709
431805721710
301800021711
316805321712
231800621713
381805921714
314800221715
031805521716
361800821717
312805121718
831800421719
831280521720
341780821721
310280121722
631780421723
321280721724
318780021725
431280321726
301780621727
316280921728
231780221729
231890321730
381840621731
314890921732
031840221733
361890521734
312840821735
831890121736
341840421737
310890721738
631840021739
631806121740
321801421741
318806721742
431801021743
301806321744
316801621745
231806921746
381801221747
314806521748
031801821749
031380921750
361880221751
312380521752
831880821753
341380121754
310880421755
631380721756
321880021757
318380321758
431880621759
431800721760
301850021761
316800321762
231850621763
381800921764
314850221765
031800521766
361850821767
312800121768
831850421769
831807521770
341802821771
310807121772
631802421773
321807721774
318802021775
431807321776
301802621777
316807921778
231802221779
231480321780
381980621781
314480921782
031980221783
361480521784
312980821785
831480121786
341980421787
310480721788
631980021789
631810121790
321860421791
318810721792
431860021793
301810321794
316860621795
231810921796
381860221797
314810521798
031860821799
831810201800
341860231801
310810261802
631860291803
321810221804
318860251805
431810281806
301860211807
316810241808
231860271809
231808281810
381803211811
314808241812
031803271813
361808201814
312803231815
831808261816
341803291817
310808221818
631803251819
631580261820
321080291821
318580221822
431080251823
301580281824
316080211825
231580241826
381080271827
314580201828
031080231829
031820241830
361870271831
312820201832
831870231833
341820261834
310870291835
631820221836
321870251837
318820281838
431870211839
431809221840
301804251841
316809281842
231804211843
381809241844
314804271845
031809201846
361804231847
312809261848
831804291849
831680201850
341180231851
310680261852
631180291853
321680221854
318180251855
431680281856
301180211857
316680241858
231180271859
231830281860
381880211861
314830241862
031880271863
361830201864
312880231865
831830261866
341880291867
310830221868
631880251869
631800261870
321805291871
318800221872
431805251873
301800281874
316805211875
231800241876
381805271877
314800201878
031805231879
031780241880
361280271881
312780201882
831280231883
341780261884
310280291885
631780221886
321280251887
318780281888
431280211889
431840221890
301890251891
316840281892
231890211893
381840241894
314890271895
031840201896
361890231897
312840261898
831890291899
631840211900
321890214901
318840217902
431890210903
301840213904
316890216905
231840219906
381890212907
314840215908
031890218909
031801219910
361806212911
312801215912
831806218913
341801211914
310806214915
631801217916
321806210917
318801213918
431806216919
431880217920
301380210921
316880213922
231380216923
381880219924
314380212925
031880215926
361380218927
312880211928
831380214929
831850215930
341800218931
310850211932
631800214933
321850217934
318800210935
431850213936
301800216937
316850219938
231800212939
231802213940
381807216941
314802219942
031807212943
361802215944
312807218945
831802211946
341807214947
310802217948
631807210949
631980211950
321480214951
318980217952
431480210953
301980213954
316480216955
231980219956
381480212957
314980215958
031480218959
031860219960
361810212961
312860215962
831810218963
341860211964
310810214965
631860217966
321810210967
318860213968
431810216969
431803217970
301808210971
316803213972
231808216973
381803219974
314808212975
031803215976
361808218977
312803211978
831808214979
831080215980
341580218981
310080211982
631580214983
321080217984
318580210985
431080213986
301580216987
316080219988
231580212989
231870213990
381820216991
314870219992
031820212993
361870215994
312820218995
831870211996
341820214997
310870217998
631820210999
631860228000