352009426001
321004726002
732009026003
332004326004
329009626005
532004926006
312009226007
327004526008
332009826009
332100926010
392600226011
325100526012
132600826013
372100126014
323600426015
932100726016
352600026017
321100326018
732600626019
732080726020
332030026021
329080326022
532030626023
312080926024
327030226025
332080526026
392030826027
325080126028
132030426029
132005526030
372000826031
323005126032
932000426033
352005726034
321000026035
732005326036
332000626037
329005926038
532000226039
532200326040
312700626041
327200926042
332700226043
392200526044
325700826045
132200126046
372700426047
323200726048
932700026049
932090126050
352040426051
321090726052
732040026053
332090326054
329040626055
532090926056
312040226057
327090526058
332040826059
332006926060
392001226061
325006526062
132001826063
372006126064
323001426065
932006726066
352001026067
321006326068
732001626069
732300726070
332800026071
329300326072
532800626073
312300926074
327800226075
332300526076
392800826077
325300126078
132800426079
132000526080
372050826081
323000126082
932050426083
352000726084
321050026085
732000326086
332050626087
329000926088
532050226089
532007326090
312002626091
327007926092
332002226093
392007526094
325002826095
132007126096
372002426097
323007726098
932002026099
732007226100
332002256101
329007286102
532002216103
312007246104
327002276105
332007206106
392002236107
325007266108
132002296109
132400206110
372900236111
323400266112
932900296113
352400226114
321900256115
732400286116
332900216117
329400246118
532900276119
532010286120
312060216121
327010246122
332060276123
392010206124
325060236125
132010266126
372060296127
323010226128
932060256129
932008266130
352003296131
321008226132
732003256133
332008286134
329003216135
532008246136
312003276137
327008206138
332003236139
332500246140
392000276141
325500206142
132000236143
372500266144
323000296145
932500226146
352000256147
321500286148
732000216149
732020226150
332070256151
329020286152
532070216153
312020246154
327070276155
332020206156
392070236157
325020266158
132070296159
132009206160
372004236161
323009266162
932004296163
352009226164
321004256165
732009286166
332004216167
329009246168
532004276169
532600286170
312100216171
327600246172
332100276173
392600206174
325100236175
132600266176
372100296177
323600226178
932100256179
932030266180
352080296181
321030226182
732080256183
332030286184
329080216185
532030246186
312080276187
327030206188
332080236189
332000246190
392005276191
325000206192
132005236193
372000266194
323005296195
932000226196
352005256197
321000286198
732005216199
532000263200
312005266201
327000269202
332005262203
392000265204
325005268205
132000261206
372005264207
323000267208
932005260209
932700261210
352200264211
321700267212
732200260213
332700263214
329200266215
532700269216
312200262217
327700265218
332200268219
332040269220
392090262221
325040265222
132090268223
372040261224
323090264225
932040267226
352090260227
321040263228
732090266229
732001267230
332006260231
329001263232
532006266233
312001269234
327006262235
332001265236
392006268237
325001261238
132006264239
132800265240
372300268241
323800261242
932300264243
352800267244
321300260245
732800263246
332300266247
329800269248
532300262249
532050263250
312000266251
327050269252
332000262253
392050265254
325000268255
132050261256
372000264257
323050267258
932000260259
932002261260
352007264261
321002267262
732007260263
332002263264
329007266265
532002269266
312007262267
327002265268
332007268269
332900269270
392400262271
325900265272
132400268273
372900261274
323400264275
932900267276
352400260277
321900263278
732400266279
732060267280
332010260281
329060263282
532010266283
312060269284
327010262285
332060265286
392010268287
325060261288
132010264289
132003265290
372008268291
323003261292
932008264293
352003267294
321008260295
732003263296
332008266297
329003269298
532008262299
332003426300
392008726301
325003026302
132008326303
372003626304
323008926305
932003226306
352008526307
321003826308
732008126309
732000226310
332500526311
329000826312
532500126313
312000426314
327500726315
332000026316
392500326317
325000626318
132500926319
132070026320
372020326321
323070626322
932020926323
352070226324
321020526325
732070826326
332020126327
329070426328
532020726329
532004826330
312009126331
327004426332
332009726333
392004026334
325009326335
132004626336
372009926337
323004226338
932009526339
932100626340
352600926341
321100226342
732600526343
332100826344
329600126345
532100426346
312600726347
327100026348
332600326349
332080426350
392030726351
325080026352
132030326353
372080626354
323030926355
932080226356
352030526357
321080826358
732030126359
732005226360
332000526361
329005826362
532000126363
312005426364
327000726365
332005026366
392000326367
325005626368
132000926369
132200026370
372700326371
323200626372
932700926373
352200226374
321700526375
732200826376
332700126377
329200426378
532700726379
532090826380
312040126381
327090426382
332040726383
392090026384
325040326385
132090626386
372040926387
323090226388
932040526389
932006626390
352001926391
321006226392
732001526393
332006826394
329001126395
532006426396
312001726397
327006026398
332001326399
132006256400
372001286401
323006216402
932001246403
352006276404
321001206405
732006236406
332001266407
329006296408
532001226409
532300236410
312800266411
327300296412
332800226413
392300256414
325800286415
132300216416
372800246417
323300276418
932800206419
932000216420
352050246421
321000276422
732050206423
332000236424
329050266425
532000296426
312050226427
327000256428
332050286429
332007296430
392002226431
325007256432
132002286433
372007216434
323002246435
932007276436
352002206437
321007236438
732002266439
732400276440
332900206441
329400236442
532900266443
312400296444
327900226445
332400256446
392900286447
325400216448
132900246449
132010256450
372060286451
323010216452
932060246453
352010276454
321060206455
732010236456
332060266457
329010296458
532060226459
532008236460
312003266461
327008296462
332003226463
392008256464
325003286465
132008216466
372003246467
323008276468
932003206469
932500216470
352000246471
321500276472
732000206473
332500236474
329000266475
532500296476
312000226477
327500256478
332000286479
332020296480
392070226481
325020256482
132070286483
372020216484
323070246485
932020276486
352070206487
321020236488
732070266489
732009276490
332004206491
329009236492
532004266493
312009296494
327004226495
332009256496
392004286497
325009216498
132004246499
932009266500
352004269501
321009262502
732004265503
332009268504
329004261505
532009264506
312004267507
327009260508
332004263509
332600264510
392100267511
325600260512
132100263513
372600266514
323100269515
932600262516
352100265517
321600268518
732100261519
732030262520
332080265521
329030268522
532080261523
312030264524
327080267525
332030260526
392080263527
325030266528
132080269529
132000260530
372005263531
323000266532
932005269533
352000262534
321005265535
732000268536
332005261537
329000264538
532005267539
532700268540
312200261541
327700264542
332200267543
392700260544
325200263545
132700266546
372200269547
323700262548
932200265549
932040266550
352090269551
321040262552
732090265553
332040268554
329090261555
532040264556
312090267557
327040260558
332090263559
332001264560
392006267561
325001260562
132006263563
372001266564
323006269565
932001262566
352006265567
321001268568
732006261569
732800262570
332300265571
329800268572
532300261573
312800264574
327300267575
332800260576
392300263577
325800266578
132300269579
132050260580
372000263581
323050266582
932000269583
352050262584
321000265585
732050268586
332000261587
329050264588
532000267589
532002268590
312007261591
327002264592
332007267593
392002260594
325007263595
132002266596
372007269597
323002262598
932007265599
732002726600
332007026601
329002326602
532007626603
312002926604
327007226605
332002526606
392007826607
325002126608
132007426609
132900526610
372400826611
323900126612
932400426613
352900726614
321400026615
732900326616
332400626617
329900926618
532400226619
532060326620
312010626621
327060926622
332010226623
392060526624
325010826625
132060126626
372010426627
323060726628
932010026629
932003126630
352008426631
321003726632
732008026633
332003326634
329008626635
532003926636
312008226637
327003526638
332008826639
332000926640
392500226641
325000526642
132500826643
372000126644
323500426645
932000726646
352500026647
321000326648
732500626649
732070726650
332020026651
329070326652
532020626653
312070926654
327020226655
332070526656
392020826657
325070126658
132020426659
132004526660
372009826661
323004126662
932009426663
352004726664
321009026665
732004326666
332009626667
329004926668
532009226669
532100326670
312600626671
327100926672
332600226673
392100526674
325600826675
132100126676
372600426677
323100726678
932600026679
932080126680
352030426681
321080726682
732030026683
332080326684
329030626685
532080926686
312030226687
327080526688
332030826689
332005926690
392000226691
325005526692
132000826693
372005126694
323000426695
932005726696
352000026697
321005326698
732000626699
532005286700
312000216701
327005246702
332000276703
392005206704
325000236705
132005266706
372000296707
323005226708
932000256709
932200266710
352700296711
321200226712
732700256713
332200286714
329700216715
532200246716
312700276717
327200206718
332700236719
332090246720
392040276721
325090206722
132040236723
372090266724
323040296725
932090226726
352040256727
321090286728
732040216729
732006226730
332001256731
329006286732
532001216733
312006246734
327001276735
332006206736
392001236737
325006266738
132001296739
132300206740
372800236741
323300266742
932800296743
352300226744
321800256745
732300286746
332800216747
329300246748
532800276749
532000286750
312050216751
327000246752
332050276753
392000206754
325050236755
132000266756
372050296757
323000226758
932050256759
932007266760
352002296761
321007226762
732002256763
332007286764
329002216765
532007246766
312002276767
327007206768
332002236769
332400246770
392900276771
325400206772
132900236773
372400266774
323900296775
932400226776
352900256777
321400286778
732900216779
732010226780
332060256781
329010286782
532060216783
312010246784
327060276785
332010206786
392060236787
325010266788
132060296789
132008206790
372003236791
323008266792
932003296793
352008226794
321003256795
732008286796
332003216797
329008246798
532003276799
332008269800
392003262801
325008265802
132003268803
372008261804
323003264805
932008267806
352003260807
321008263808
732003266809
732500267810
332000260811
329500263812
532000266813
312500269814
327000262815
332500265816
392000268817
325500261818
132000264819
132020265820
372070268821
323020261822
932070264823
352020267824
321070260825
732020263826
332070266827
329020269828
532070262829
532009263830
312004266831
327009269832
332004262833
392009265834
325004268835
132009261836
372004264837
323009267838
932004260839
932600261840
352100264841
321600267842
732100260843
332600263844
329100266845
532600269846
312100262847
327600265848
332100268849
332030269850
392080262851
325030265852
132080268853
372030261854
323080264855
932030267856
352080260857
321030263858
732080266859
732000267860
332005260861
329000263862
532005266863
312000269864
327005262865
332000265866
392005268867
325000261868
132005264869
132700265870
372200268871
323700261872
932200264873
352700267874
321200260875
732700263876
332200266877
329700269878
532200262879
532040263880
312090266881
327040269882
332090262883
392040265884
325090268885
132040261886
372090264887
323040267888
932090260889
932001261890
352006264891
321001267892
732006260893
332001263894
329006266895
532001269896
312006262897
327001265898
332006268899
132001026900
372006326901
323001626902
932006926903
352001226904
321006526905
732001826906
332006126907
329001426908
532006726909
532800826910
312300126911
327800426912
332300726913
392800026914
325300326915
132800626916
372300926917
323800226918
932300526919
932050626920
352000926921
321050226922
732000526923
332050826924
329000126925
532050426926
312000726927
327050026928
332000326929
332002426930
392007726931
325002026932
132007326933
372002626934
323007926935
932002226936
352007526937
321002826938
732007126939
732900226940
332400526941
329900826942
532400126943
312900426944
327400726945
332900026946
392400326947
325900626948
132400926949
132060026950
372010326951
323060626952
932010926953
352060226954
321010526955
732060826956
332010126957
329060426958
532010726959
532003826960
312008126961
327003426962
332008726963
392003026964
325008326965
132003626966
372008926967
323003226968
932008526969
932000626970
352500926971
321000226972
732500526973
332000826974
329500126975
532000426976
312500726977
327000026978
332500326979
332070426980
392020726981
325070026982
132020326983
372070626984
323020926985
932070226986
352020526987
321070826988
732020126989
732004226990
332009526991
329004826992
532009126993
312004426994
327009726995
332004026996
392009326997
325004626998
132009926999
132003727000