352001246001
321006546002
732001846003
332006146004
329001446005
532006746006
312001046007
327006346008
332001646009
332300746010
392800046011
325300346012
132800646013
372300946014
323800246015
932300546016
352800846017
321300146018
732800446019
732000546020
332050846021
329000146022
532050446023
312000746024
327050046025
332000346026
392050646027
325000946028
132050246029
132007346030
372002646031
323007946032
932002246033
352007546034
321002846035
732007146036
332002446037
329007746038
532002046039
532400146040
312900446041
327400746042
332900046043
392400346044
325900646045
132400946046
372900246047
323400546048
932900846049
932010946050
352060246051
321010546052
732060846053
332010146054
329060446055
532010746056
312060046057
327010346058
332060646059
332008746060
392003046061
325008346062
132003646063
372008946064
323003246065
932008546066
352003846067
321008146068
732003446069
732500546070
332000846071
329500146072
532000446073
312500746074
327000046075
332500346076
392000646077
325500946078
132000246079
132020346080
372070646081
323020946082
932070246083
352020546084
321070846085
732020146086
332070446087
329020746088
532070046089
532009146090
312004446091
327009746092
332004046093
392009346094
325004646095
132009946096
372004246097
323009546098
932004846099
732009406100
332004436101
329009466102
532004496103
312009426104
327004456105
332009486106
392004416107
325009446108
132004476109
132600486110
372100416111
323600446112
932100476113
352600406114
321100436115
732600466116
332100496117
329600426118
532100456119
532030466120
312080496121
327030426122
332080456123
392030486124
325080416125
132030446126
372080476127
323030406128
932080436129
932000446130
352005476131
321000406132
732005436133
332000466134
329005496135
532000426136
312005456137
327000486138
332005416139
332700426140
392200456141
325700486142
132200416143
372700446144
323200476145
932700406146
352200436147
321700466148
732200496149
732040406150
332090436151
329040466152
532090496153
312040426154
327090456155
332040486156
392090416157
325040446158
132090476159
132001486160
372006416161
323001446162
932006476163
352001406164
321006436165
732001466166
332006496167
329001426168
532006456169
532800466170
312300496171
327800426172
332300456173
392800486174
325300416175
132800446176
372300476177
323800406178
932300436179
932050446180
352000476181
321050406182
732000436183
332050466184
329000496185
532050426186
312000456187
327050486188
332000416189
332002426190
392007456191
325002486192
132007416193
372002446194
323007476195
932002406196
352007436197
321002466198
732007496199
532002461200
312007464201
327002467202
332007460203
392002463204
325007466205
132002469206
372007462207
323002465208
932007468209
932900469210
352400462211
321900465212
732400468213
332900461214
329400464215
532900467216
312400460217
327900463218
332400466219
332060467220
392010460221
325060463222
132010466223
372060469224
323010462225
932060465226
352010468227
321060461228
732010464229
732003465230
332008468231
329003461232
532008464233
312003467234
327008460235
332003463236
392008466237
325003469238
132008462239
132000463240
372500466241
323000469242
932500462243
352000465244
321500468245
732000461246
332500464247
329000467248
532500460249
532070461250
312020464251
327070467252
332020460253
392070463254
325020466255
132070469256
372020462257
323070465258
932020468259
932004469260
352009462261
321004465262
732009468263
332004461264
329009464265
532004467266
312009460267
327004463268
332009466269
332100467270
392600460271
325100463272
132600466273
372100469274
323600462275
932100465276
352600468277
321100461278
732600464279
732080465280
332030468281
329080461282
532030464283
312080467284
327030460285
332080463286
392030466287
325080469288
132030462289
132005463290
372000466291
323005469292
932000462293
352005465294
321000468295
732005461296
332000464297
329005467298
532000460299
332005246300
392000546301
325005846302
132000146303
372005446304
323000746305
932005046306
352000346307
321005646308
732000946309
732200046310
332700346311
329200646312
532700946313
312200246314
327700546315
332200846316
392700146317
325200446318
132700746319
132090846320
372040146321
323090446322
932040746323
352090046324
321040346325
732090646326
332040946327
329090246328
532040546329
532006646330
312001946331
327006246332
332001546333
392006846334
325001146335
132006446336
372001746337
323006046338
932001346339
932300446340
352800746341
321300046342
732800346343
332300646344
329800946345
532300246346
312800546347
327300846348
332800146349
332000246350
392050546351
325000846352
132050146353
372000446354
323050746355
932000046356
352050346357
321000646358
732050946359
732007046360
332002346361
329007646362
532002946363
312007246364
327002546365
332007846366
392002146367
325007446368
132002746369
132400846370
372900146371
323400446372
932900746373
352400046374
321900346375
732400646376
332900946377
329400246378
532900546379
532010646380
312060946381
327010246382
332060546383
392010846384
325060146385
132010446386
372060746387
323010046388
932060346389
932008446390
352003746391
321008046392
732003346393
332008646394
329003946395
532008246396
312003546397
327008846398
332003146399
132008436400
372003466401
323008496402
932003426403
352008456404
321003486405
732008416406
332003446407
329008476408
532003406409
532500416410
312000446411
327500476412
332000406413
392500436414
325000466415
132500496416
372000426417
323500456418
932000486419
932020496420
352070426421
321020456422
732070486423
332020416424
329070446425
532020476426
312070406427
327020436428
332070466429
332009476430
392004406431
325009436432
132004466433
372009496434
323004426435
932009456436
352004486437
321009416438
732004446439
732600456440
332100486441
329600416442
532100446443
312600476444
327100406445
332600436446
392100466447
325600496448
132100426449
132030436450
372080466451
323030496452
932080426453
352030456454
321080486455
732030416456
332080446457
329030476458
532080406459
532000416460
312005446461
327000476462
332005406463
392000436464
325005466465
132000496466
372005426467
323000456468
932005486469
932700496470
352200426471
321700456472
732200486473
332700416474
329200446475
532700476476
312200406477
327700436478
332200466479
332040476480
392090406481
325040436482
132090466483
372040496484
323090426485
932040456486
352090486487
321040416488
732090446489
732001456490
332006486491
329001416492
532006446493
312001476494
327006406495
332001436496
392006466497
325001496498
132006426499
932001464500
352006467501
321001460502
732006463503
332001466504
329006469505
532001462506
312006465507
327001468508
332006461509
332800462510
392300465511
325800468512
132300461513
372800464514
323300467515
932800460516
352300463517
321800466518
732300469519
732050460520
332000463521
329050466522
532000469523
312050462524
327000465525
332050468526
392000461527
325050464528
132000467529
132002468530
372007461531
323002464532
932007467533
352002460534
321007463535
732002466536
332007469537
329002462538
532007465539
532900466540
312400469541
327900462542
332400465543
392900468544
325400461545
132900464546
372400467547
323900460548
932400463549
932060464550
352010467551
321060460552
732010463553
332060466554
329010469555
532060462556
312010465557
327060468558
332010461559
332003462560
392008465561
325003468562
132008461563
372003464564
323008467565
932003460566
352008463567
321003466568
732008469569
732000460570
332500463571
329000466572
532500469573
312000462574
327500465575
332000468576
392500461577
325000464578
132500467579
132070468580
372020461581
323070464582
932020467583
352070460584
321020463585
732070466586
332020469587
329070462588
532020465589
532004466590
312009469591
327004462592
332009465593
392004468594
325009461595
132004464596
372009467597
323004460598
932009463599
732004546600
332009846601
329004146602
532009446603
312004746604
327009046605
332004346606
392009646607
325004946608
132009246609
132100346610
372600646611
323100946612
932600246613
352100546614
321600846615
732100146616
332600446617
329100746618
532600046619
532080146620
312030446621
327080746622
332030046623
392080346624
325030646625
132080946626
372030246627
323080546628
932030846629
932005946630
352000246631
321005546632
732000846633
332005146634
329000446635
532005746636
312000046637
327005346638
332000646639
332200746640
392700046641
325200346642
132700646643
372200946644
323700246645
932200546646
352700846647
321200146648
732700446649
732090546650
332040846651
329090146652
532040446653
312090746654
327040046655
332090346656
392040646657
325090946658
132040246659
132006346660
372001646661
323006946662
932001246663
352006546664
321001846665
732006146666
332001446667
329006746668
532001046669
532300146670
312800446671
327300746672
332800046673
392300346674
325800646675
132300946676
372800246677
323300546678
932800846679
932000946680
352050246681
321000546682
732050846683
332000146684
329050446685
532000746686
312050046687
327000346688
332050646689
332007746690
392002046691
325007346692
132002646693
372007946694
323002246695
932007546696
352002846697
321007146698
732002446699
532007466700
312002496701
327007426702
332002456703
392007486704
325002416705
132007446706
372002476707
323007406708
932002436709
932400446710
352900476711
321400406712
732900436713
332400466714
329900496715
532400426716
312900456717
327400486718
332900416719
332010426720
392060456721
325010486722
132060416723
372010446724
323060476725
932010406726
352060436727
321010466728
732060496729
732008406730
332003436731
329008466732
532003496733
312008426734
327003456735
332008486736
392003416737
325008446738
132003476739
132500486740
372000416741
323500446742
932000476743
352500406744
321000436745
732500466746
332000496747
329500426748
532000456749
532020466750
312070496751
327020426752
332070456753
392020486754
325070416755
132020446756
372070476757
323020406758
932070436759
932009446760
352004476761
321009406762
732004436763
332009466764
329004496765
532009426766
312004456767
327009486768
332004416769
332600426770
392100456771
325600486772
132100416773
372600446774
323100476775
932600406776
352100436777
321600466778
732100496779
732030406780
332080436781
329030466782
532080496783
312030426784
327080456785
332030486786
392080416787
325030446788
132080476789
132000486790
372005416791
323000446792
932005476793
352000406794
321005436795
732000466796
332005496797
329000426798
532005456799
332000467800
392005460801
325000463802
132005466803
372000469804
323005462805
932000465806
352005468807
321000461808
732005464809
732700465810
332200468811
329700461812
532200464813
312700467814
327200460815
332700463816
392200466817
325700469818
132200462819
132040463820
372090466821
323040469822
932090462823
352040465824
321090468825
732040461826
332090464827
329040467828
532090460829
532001461830
312006464831
327001467832
332006460833
392001463834
325006466835
132001469836
372006462837
323001465838
932006468839
932800469840
352300462841
321800465842
732300468843
332800461844
329300464845
532800467846
312300460847
327800463848
332300466849
332050467850
392000460851
325050463852
132000466853
372050469854
323000462855
932050465856
352000468857
321050461858
732000464859
732002465860
332007468861
329002461862
532007464863
312002467864
327007460865
332002463866
392007466867
325002469868
132007462869
132900463870
372400466871
323900469872
932400462873
352900465874
321400468875
732900461876
332400464877
329900467878
532400460879
532060461880
312010464881
327060467882
332010460883
392060463884
325010466885
132060469886
372010462887
323060465888
932010468889
932003469890
352008462891
321003465892
732008468893
332003461894
329008464895
532003467896
312008460897
327003463898
332008466899
132003846900
372008146901
323003446902
932008746903
352003046904
321008346905
732003646906
332008946907
329003246908
532008546909
532000646910
312500946911
327000246912
332500546913
392000846914
325500146915
132000446916
372500746917
323000046918
932500346919
932070446920
352020746921
321070046922
732020346923
332070646924
329020946925
532070246926
312020546927
327070846928
332020146929
332004246930
392009546931
325004846932
132009146933
372004446934
323009746935
932004046936
352009346937
321004646938
732009946939
732100046940
332600346941
329100646942
532600946943
312100246944
327600546945
332100846946
392600146947
325100446948
132600746949
132080846950
372030146951
323080446952
932030746953
352080046954
321030346955
732080646956
332030946957
329080246958
532030546959
532005646960
312000946961
327005246962
332000546963
392005846964
325000146965
132005446966
372000746967
323005046968
932000346969
932200446970
352700746971
321200046972
732700346973
332200646974
329700946975
532200246976
312700546977
327200846978
332700146979
332090246980
392040546981
325090846982
132040146983
372090446984
323040746985
932090046986
352040346987
321090646988
732040946989
732006046990
332001346991
329006646992
532001946993
312006246994
327001546995
332006846996
392001146997
325006446998
132001746999
132005547000