312001224001
327006524002
332001824003
392006124004
325001424005
132006724006
372001024007
323006324008
932001624009
932300724010
352800024011
321300324012
732800624013
332300924014
329800224015
532300524016
312800824017
327300124018
332800424019
332000524020
392050824021
325000124022
132050424023
372000724024
323050024025
932000324026
352050624027
321000924028
732050224029
732007324030
332002624031
329007924032
532002224033
312007524034
327002824035
332007124036
392002424037
325007724038
132002024039
132400124040
372900424041
323400724042
932900024043
352400324044
321900624045
732400924046
332900224047
329400524048
532900824049
532010924050
312060224051
327010524052
332060824053
392010124054
325060424055
132010724056
372060024057
323010324058
932060624059
932008724060
352003024061
321008324062
732003624063
332008924064
329003224065
532008524066
312003824067
327008124068
332003424069
332500524070
392000824071
325500124072
132000424073
372500724074
323000024075
932500324076
352000624077
321500924078
732000224079
732020324080
332070624081
329020924082
532070224083
312020524084
327070824085
332020124086
392070424087
325020724088
132070024089
132009124090
372004424091
323009724092
932004024093
352009324094
321004624095
732009924096
332004224097
329009524098
532004824099
332009204100
392004234101
325009264102
132004294103
372009224104
323004254105
932009284106
352004214107
321009244108
732004274109
732600284110
332100214111
329600244112
532100274113
312600204114
327100234115
332600264116
392100294117
325600224118
132100254119
132030264120
372080294121
323030224122
932080254123
352030284124
321080214125
732030244126
332080274127
329030204128
532080234129
532000244130
312005274131
327000204132
332005234133
392000264134
325005294135
132000224136
372005254137
323000284138
932005214139
932700224140
352200254141
321700284142
732200214143
332700244144
329200274145
532700204146
312200234147
327700264148
332200294149
332040204150
392090234151
325040264152
132090294153
372040224154
323090254155
932040284156
352090214157
321040244158
732090274159
732001284160
332006214161
329001244162
532006274163
312001204164
327006234165
332001264166
392006294167
325001224168
132006254169
132800264170
372300294171
323800224172
932300254173
352800284174
321300214175
732800244176
332300274177
329800204178
532300234179
532050244180
312000274181
327050204182
332000234183
392050264184
325000294185
132050224186
372000254187
323050284188
932000214189
932002224190
352007254191
321002284192
732007214193
332002244194
329007274195
532002204196
312007234197
327002264198
332007294199
132002241200
372007244201
323002247202
932007240203
352002243204
321007246205
732002249206
332007242207
329002245208
532007248209
532900249210
312400242211
327900245212
332400248213
392900241214
325400244215
132900247216
372400240217
323900243218
932400246219
932060247220
352010240221
321060243222
732010246223
332060249224
329010242225
532060245226
312010248227
327060241228
332010244229
332003245230
392008248231
325003241232
132008244233
372003247234
323008240235
932003243236
352008246237
321003249238
732008242239
732000243240
332500246241
329000249242
532500242243
312000245244
327500248245
332000241246
392500244247
325000247248
132500240249
132070241250
372020244251
323070247252
932020240253
352070243254
321020246255
732070249256
332020242257
329070245258
532020248259
532004249260
312009242261
327004245262
332009248263
392004241264
325009244265
132004247266
372009240267
323004243268
932009246269
932100247270
352600240271
321100243272
732600246273
332100249274
329600242275
532100245276
312600248277
327100241278
332600244279
332080245280
392030248281
325080241282
132030244283
372080247284
323030240285
932080243286
352030246287
321080249288
732030242289
732005243290
332000246291
329005249292
532000242293
312005245294
327000248295
332005241296
392000244297
325005247298
132000240299
932005224300
352000524301
321005824302
732000124303
332005424304
329000724305
532005024306
312000324307
327005624308
332000924309
332200024310
392700324311
325200624312
132700924313
372200224314
323700524315
932200824316
352700124317
321200424318
732700724319
732090824320
332040124321
329090424322
532040724323
312090024324
327040324325
332090624326
392040924327
325090224328
132040524329
132006624330
372001924331
323006224332
932001524333
352006824334
321001124335
732006424336
332001724337
329006024338
532001324339
532300424340
312800724341
327300024342
332800324343
392300624344
325800924345
132300224346
372800524347
323300824348
932800124349
932000224350
352050524351
321000824352
732050124353
332000424354
329050724355
532000024356
312050324357
327000624358
332050924359
332007024360
392002324361
325007624362
132002924363
372007224364
323002524365
932007824366
352002124367
321007424368
732002724369
732400824370
332900124371
329400424372
532900724373
312400024374
327900324375
332400624376
392900924377
325400224378
132900524379
132010624380
372060924381
323010224382
932060524383
352010824384
321060124385
732010424386
332060724387
329010024388
532060324389
532008424390
312003724391
327008024392
332003324393
392008624394
325003924395
132008224396
372003524397
323008824398
932003124399
732008234400
332003264401
329008294402
532003224403
312008254404
327003284405
332008214406
392003244407
325008274408
132003204409
132500214410
372000244411
323500274412
932000204413
352500234414
321000264415
732500294416
332000224417
329500254418
532000284419
532020294420
312070224421
327020254422
332070284423
392020214424
325070244425
132020274426
372070204427
323020234428
932070264429
932009274430
352004204431
321009234432
732004264433
332009294434
329004224435
532009254436
312004284437
327009214438
332004244439
332600254440
392100284441
325600214442
132100244443
372600274444
323100204445
932600234446
352100264447
321600294448
732100224449
732030234450
332080264451
329030294452
532080224453
312030254454
327080284455
332030214456
392080244457
325030274458
132080204459
132000214460
372005244461
323000274462
932005204463
352000234464
321005264465
732000294466
332005224467
329000254468
532005284469
532700294470
312200224471
327700254472
332200284473
392700214474
325200244475
132700274476
372200204477
323700234478
932200264479
932040274480
352090204481
321040234482
732090264483
332040294484
329090224485
532040254486
312090284487
327040214488
332090244489
332001254490
392006284491
325001214492
132006244493
372001274494
323006204495
932001234496
352006264497
321001294498
732006224499
532001244500
312006247501
327001240502
332006243503
392001246504
325006249505
132001242506
372006245507
323001248508
932006241509
932800242510
352300245511
321800248512
732300241513
332800244514
329300247515
532800240516
312300243517
327800246518
332300249519
332050240520
392000243521
325050246522
132000249523
372050242524
323000245525
932050248526
352000241527
321050244528
732000247529
732002248530
332007241531
329002244532
532007247533
312002240534
327007243535
332002246536
392007249537
325002242538
132007245539
132900246540
372400249541
323900242542
932400245543
352900248544
321400241545
732900244546
332400247547
329900240548
532400243549
532060244550
312010247551
327060240552
332010243553
392060246554
325010249555
132060242556
372010245557
323060248558
932010241559
932003242560
352008245561
321003248562
732008241563
332003244564
329008247565
532003240566
312008243567
327003246568
332008249569
332000240570
392500243571
325000246572
132500249573
372000242574
323500245575
932000248576
352500241577
321000244578
732500247579
732070248580
332020241581
329070244582
532020247583
312070240584
327020243585
332070246586
392020249587
325070242588
132020245589
132004246590
372009249591
323004242592
932009245593
352004248594
321009241595
732004244596
332009247597
329004240598
532009243599
332004524600
392009824601
325004124602
132009424603
372004724604
323009024605
932004324606
352009624607
321004924608
732009224609
732100324610
332600624611
329100924612
532600224613
312100524614
327600824615
332100124616
392600424617
325100724618
132600024619
132080124620
372030424621
323080724622
932030024623
352080324624
321030624625
732080924626
332030224627
329080524628
532030824629
532005924630
312000224631
327005524632
332000824633
392005124634
325000424635
132005724636
372000024637
323005324638
932000624639
932200724640
352700024641
321200324642
732700624643
332200924644
329700224645
532200524646
312700824647
327200124648
332700424649
332090524650
392040824651
325090124652
132040424653
372090724654
323040024655
932090324656
352040624657
321090924658
732040224659
732006324660
332001624661
329006924662
532001224663
312006524664
327001824665
332006124666
392001424667
325006724668
132001024669
132300124670
372800424671
323300724672
932800024673
352300324674
321800624675
732300924676
332800224677
329300524678
532800824679
532000924680
312050224681
327000524682
332050824683
392000124684
325050424685
132000724686
372050024687
323000324688
932050624689
932007724690
352002024691
321007324692
732002624693
332007924694
329002224695
532007524696
312002824697
327007124698
332002424699
132007264700
372002294701
323007224702
932002254703
352007284704
321002214705
732007244706
332002274707
329007204708
532002234709
532400244710
312900274711
327400204712
332900234713
392400264714
325900294715
132400224716
372900254717
323400284718
932900214719
932010224720
352060254721
321010284722
732060214723
332010244724
329060274725
532010204726
312060234727
327010264728
332060294729
332008204730
392003234731
325008264732
132003294733
372008224734
323003254735
932008284736
352003214737
321008244738
732003274739
732500284740
332000214741
329500244742
532000274743
312500204744
327000234745
332500264746
392000294747
325500224748
132000254749
132020264750
372070294751
323020224752
932070254753
352020284754
321070214755
732020244756
332070274757
329020204758
532070234759
532009244760
312004274761
327009204762
332004234763
392009264764
325004294765
132009224766
372004254767
323009284768
932004214769
932600224770
352100254771
321600284772
732100214773
332600244774
329100274775
532600204776
312100234777
327600264778
332100294779
332030204780
392080234781
325030264782
132080294783
372030224784
323080254785
932030284786
352080214787
321030244788
732080274789
732000284790
332005214791
329000244792
532005274793
312000204794
327005234795
332000264796
392005294797
325000224798
132005254799
932000247800
352005240801
321000243802
732005246803
332000249804
329005242805
532000245806
312005248807
327000241808
332005244809
332700245810
392200248811
325700241812
132200244813
372700247814
323200240815
932700243816
352200246817
321700249818
732200242819
732040243820
332090246821
329040249822
532090242823
312040245824
327090248825
332040241826
392090244827
325040247828
132090240829
132001241830
372006244831
323001247832
932006240833
352001243834
321006246835
732001249836
332006242837
329001245838
532006248839
532800249840
312300242841
327800245842
332300248843
392800241844
325300244845
132800247846
372300240847
323800243848
932300246849
932050247850
352000240851
321050243852
732000246853
332050249854
329000242855
532050245856
312000248857
327050241858
332000244859
332002245860
392007248861
325002241862
132007244863
372002247864
323007240865
932002243866
352007246867
321002249868
732007242869
732900243870
332400246871
329900249872
532400242873
312900245874
327400248875
332900241876
392400244877
325900247878
132400240879
132060241880
372010244881
323060247882
932010240883
352060243884
321010246885
732060249886
332010242887
329060245888
532010248889
532003249890
312008242891
327003245892
332008248893
392003241894
325008244895
132003247896
372008240897
323003243898
932008246899
732003824900
332008124901
329003424902
532008724903
312003024904
327008324905
332003624906
392008924907
325003224908
132008524909
132000624910
372500924911
323000224912
932500524913
352000824914
321500124915
732000424916
332500724917
329000024918
532500324919
532070424920
312020724921
327070024922
332020324923
392070624924
325020924925
132070224926
372020524927
323070824928
932020124929
932004224930
352009524931
321004824932
732009124933
332004424934
329009724935
532004024936
312009324937
327004624938
332009924939
332100024940
392600324941
325100624942
132600924943
372100224944
323600524945
932100824946
352600124947
321100424948
732600724949
732080824950
332030124951
329080424952
532030724953
312080024954
327030324955
332080624956
392030924957
325080224958
132030524959
132005624960
372000924961
323005224962
932000524963
352005824964
321000124965
732005424966
332000724967
329005024968
532000324969
532200424970
312700724971
327200024972
332700324973
392200624974
325700924975
132200224976
372700524977
323200824978
932700124979
932090224980
352040524981
321090824982
732040124983
332090424984
329040724985
532090024986
312040324987
327090624988
332040924989
332006024990
392001324991
325006624992
132001924993
372006224994
323001524995
932006824996
352001124997
321006424998
732001724999
732005525000