302005831001
326000131002
232005431003
382000731004
324005031005
032000331006
362005631007
322000931008
832005231009
832700331010
342200631011
320700931012
632200231013
322700531014
328200831015
432700131016
302200431017
326700731018
232200031019
232040131020
382090431021
324040731022
032090031023
362040331024
322090631025
832040931026
342090231027
320040531028
632090831029
632001931030
322006231031
328001531032
432006831033
302001131034
326006431035
232001731036
382006031037
324001331038
032006631039
032800731040
362300031041
322800331042
832300631043
342800931044
320300231045
632800531046
322300831047
328800131048
432300431049
432050531050
302000831051
326050131052
232000431053
382050731054
324000031055
032050331056
362000631057
322050931058
832000231059
832002331060
342007631061
320002931062
632007231063
322002531064
328007831065
432002131066
302007431067
326002731068
232007031069
232900131070
382400431071
324900731072
032400031073
362900331074
322400631075
832900931076
342400231077
320900531078
632400831079
632060931080
322010231081
328060531082
432010831083
302060131084
326010431085
232060731086
382010031087
324060331088
032010631089
032003731090
362008031091
322003331092
832008631093
342003931094
320008231095
632003531096
322008831097
328003131098
432008431099
232003361100
382008391101
324003321102
032008351103
362003381104
322008311105
832003341106
342008371107
320003301108
632008331109
632000341110
322500371111
328000301112
432500331113
302000361114
326500391115
232000321116
382500351117
324000381118
032500311119
032070321120
362020351121
322070381122
832020311123
342070341124
320020371125
632070301126
322020331127
328070361128
432020391129
432004301130
302009331131
326004361132
232009391133
382004321134
324009351135
032004381136
362009311137
322004341138
832009371139
832100381140
342600311141
320100341142
632600371143
322100301144
328600331145
432100361146
302600391147
326100321148
232600351149
232080361150
382030391151
324080321152
032030351153
362080381154
322030311155
832080341156
342030371157
320080301158
632030331159
632005341160
322000371161
328005301162
432000331163
302005361164
326000391165
232005321166
382000351167
324005381168
032000311169
032200321170
362700351171
322200381172
832700311173
342200341174
320700371175
632200301176
322700331177
328200361178
432700391179
432090301180
302040331181
326090361182
232040391183
382090321184
324040351185
032090381186
362040311187
322090341188
832040371189
832006381190
342001311191
320006341192
632001371193
322006301194
328001331195
432006361196
302001391197
326006321198
232001351199
032006317200
362001310201
322006313202
832001316203
342006319204
320001312205
632006315206
322001318207
328006311208
432001314209
432300315210
302800318211
326300311212
232800314213
382300317214
324800310215
032300313216
362800316217
322300319218
832800312219
832000313220
342050316221
320000319222
632050312223
322000315224
328050318225
432000311226
302050314227
326000317228
232050310229
232007311230
382002314231
324007317232
032002310233
362007313234
322002316235
832007319236
342002312237
320007315238
632002318239
632400319240
322900312241
328400315242
432900318243
302400311244
326900314245
232400317246
382900310247
324400313248
032900316249
032010317250
362060310251
322010313252
832060316253
342010319254
320060312255
632010315256
322060318257
328010311258
432060314259
432008315260
302003318261
326008311262
232003314263
382008317264
324003310265
032008313266
362003316267
322008319268
832003312269
832500313270
342000316271
320500319272
632000312273
322500315274
328000318275
432500311276
302000314277
326500317278
232000310279
232020311280
382070314281
324020317282
032070310283
362020313284
322070316285
832020319286
342070312287
320020315288
632070318289
632009319290
322004312291
328009315292
432004318293
302009311294
326004314295
232009317296
382004310297
324009313298
032004316299
832009831300
342004131301
320009431302
632004731303
322009031304
328004331305
432009631306
302004931307
326009231308
232004531309
232600631310
382100931311
324600231312
032100531313
362600831314
322100131315
832600431316
342100731317
320600031318
632100331319
632030431320
322080731321
328030031322
432080331323
302030631324
326080931325
232030231326
382080531327
324030831328
032080131329
032000231330
362005531331
322000831332
832005131333
342000431334
320005731335
632000031336
322005331337
328000631338
432005931339
432700031340
302200331341
326700631342
232200931343
382700231344
324200531345
032700831346
362200131347
322700431348
832200731349
832040831350
342090131351
320040431352
632090731353
322040031354
328090331355
432040631356
302090931357
326040231358
232090531359
232001631360
382006931361
324001231362
032006531363
362001831364
322006131365
832001431366
342006731367
320001031368
632006331369
632800431370
322300731371
328800031372
432300331373
302800631374
326300931375
232800231376
382300531377
324800831378
032300131379
032050231380
362000531381
322050831382
832000131383
342050431384
320000731385
632050031386
322000331387
328050631388
432000931389
432002031390
302007331391
326002631392
232007931393
382002231394
324007531395
032002831396
362007131397
322002431398
832007731399
632002391400
322007321401
328002351402
432007381403
302002311404
326007341405
232002371406
382007301407
324002331408
032007361409
032900371410
362400301411
322900331412
832400361413
342900391414
320400321415
632900351416
322400381417
328900311418
432400341419
432060351420
302010381421
326060311422
232010341423
382060371424
324010301425
032060331426
362010361427
322060391428
832010321429
832003331430
342008361431
320003391432
632008321433
322003351434
328008381435
432003311436
302008341437
326003371438
232008301439
232000311440
382500341441
324000371442
032500301443
362000331444
322500361445
832000391446
342500321447
320000351448
632500381449
632070391450
322020321451
328070351452
432020381453
302070311454
326020341455
232070371456
382020301457
324070331458
032020361459
032004371460
362009301461
322004331462
832009361463
342004391464
320009321465
632004351466
322009381467
328004311468
432009341469
432100351470
302600381471
326100311472
232600341473
382100371474
324600301475
032100331476
362600361477
322100391478
832600321479
832080331480
342030361481
320080391482
632030321483
322080351484
328030381485
432080311486
302030341487
326080371488
232030301489
232005311490
382000341491
324005371492
032000301493
362005331494
322000361495
832005391496
342000321497
320005351498
632000381499
432005310500
302000313501
326005316502
232000319503
382005312504
324000315505
032005318506
362000311507
322005314508
832000317509
832200318510
342700311511
320200314512
632700317513
322200310514
328700313515
432200316516
302700319517
326200312518
232700315519
232090316520
382040319521
324090312522
032040315523
362090318524
322040311525
832090314526
342040317527
320090310528
632040313529
632006314530
322001317531
328006310532
432001313533
302006316534
326001319535
232006312536
382001315537
324006318538
032001311539
032300312540
362800315541
322300318542
832800311543
342300314544
320800317545
632300310546
322800313547
328300316548
432800319549
432000310550
302050313551
326000316552
232050319553
382000312554
324050315555
032000318556
362050311557
322000314558
832050317559
832007318560
342002311561
320007314562
632002317563
322007310564
328002313565
432007316566
302002319567
326007312568
232002315569
232400316570
382900319571
324400312572
032900315573
362400318574
322900311575
832400314576
342900317577
320400310578
632900313579
632010314580
322060317581
328010310582
432060313583
302010316584
326060319585
232010312586
382060315587
324010318588
032060311589
032008312590
362003315591
322008318592
832003311593
342008314594
320003317595
632008310596
322003313597
328008316598
432003319599
232008131600
382003431601
324008731602
032003031603
362008331604
322003631605
832008931606
342003231607
320008531608
632003831609
632500931610
322000231611
328500531612
432000831613
302500131614
326000431615
232500731616
382000031617
324500331618
032000631619
032020731620
362070031621
322020331622
832070631623
342020931624
320070231625
632020531626
322070831627
328020131628
432070431629
432009531630
302004831631
326009131632
232004431633
382009731634
324004031635
032009331636
362004631637
322009931638
832004231639
832600331640
342100631641
320600931642
632100231643
322600531644
328100831645
432600131646
302100431647
326600731648
232100031649
232030131650
382080431651
324030731652
032080031653
362030331654
322080631655
832030931656
342080231657
320030531658
632080831659
632000931660
322005231661
328000531662
432005831663
302000131664
326005431665
232000731666
382005031667
324000331668
032005631669
032700731670
362200031671
322700331672
832200631673
342700931674
320200231675
632700531676
322200831677
328700131678
432200431679
432040531680
302090831681
326040131682
232090431683
382040731684
324090031685
032040331686
362090631687
322040931688
832090231689
832001331690
342006631691
320001931692
632006231693
322001531694
328006831695
432001131696
302006431697
326001731698
232006031699
032001321700
362006351701
322001381702
832006311703
342001341704
320006371705
632001301706
322006331707
328001361708
432006391709
432800301710
302300331711
326800361712
232300391713
382800321714
324300351715
032800381716
362300311717
322800341718
832300371719
832050381720
342000311721
320050341722
632000371723
322050301724
328000331725
432050361726
302000391727
326050321728
232000351729
232002361730
382007391731
324002321732
032007351733
362002381734
322007311735
832002341736
342007371737
320002301738
632007331739
632900341740
322400371741
328900301742
432400331743
302900361744
326400391745
232900321746
382400351747
324900381748
032400311749
032060321750
362010351751
322060381752
832010311753
342060341754
320010371755
632060301756
322010331757
328060361758
432010391759
432003301760
302008331761
326003361762
232008391763
382003321764
324008351765
032003381766
362008311767
322003341768
832008371769
832000381770
342500311771
320000341772
632500371773
322000301774
328500331775
432000361776
302500391777
326000321778
232500351779
232070361780
382020391781
324070321782
032020351783
362070381784
322020311785
832070341786
342020371787
320070301788
632020331789
632004341790
322009371791
328004301792
432009331793
302004361794
326009391795
232004321796
382009351797
324004381798
032009311799
832004313800
342009316801
320004319802
632009312803
322004315804
328009318805
432004311806
302009314807
326004317808
232009310809
232100311810
382600314811
324100317812
032600310813
362100313814
322600316815
832100319816
342600312817
320100315818
632600318819
632080319820
322030312821
328080315822
432030318823
302080311824
326030314825
232080317826
382030310827
324080313828
032030316829
032005317830
362000310831
322005313832
832000316833
342005319834
320000312835
632005315836
322000318837
328005311838
432000314839
432200315840
302700318841
326200311842
232700314843
382200317844
324700310845
032200313846
362700316847
322200319848
832700312849
832090313850
342040316851
320090319852
632040312853
322090315854
328040318855
432090311856
302040314857
326090317858
232040310859
232006311860
382001314861
324006317862
032001310863
362006313864
322001316865
832006319866
342001312867
320006315868
632001318869
632300319870
322800312871
328300315872
432800318873
302300311874
326800314875
232300317876
382800310877
324300313878
032800316879
032000317880
362050310881
322000313882
832050316883
342000319884
320050312885
632000315886
322050318887
328000311888
432050314889
432007315890
302002318891
326007311892
232002314893
382007317894
324002310895
032007313896
362002316897
322007319898
832002312899
632007431900
322002731901
328007031902
432002331903
302007631904
326002931905
232007231906
382002531907
324007831908
032002131909
032400231910
362900531911
322400831912
832900131913
342400431914
320900731915
632400031916
322900331917
328400631918
432900931919
432010031920
302060331921
326010631922
232060931923
382010231924
324060531925
032010831926
362060131927
322010431928
832060731929
832008831930
342003131931
320008431932
632003731933
322008031934
328003331935
432008631936
302003931937
326008231938
232003531939
232500631940
382000931941
324500231942
032000531943
362500831944
322000131945
832500431946
342000731947
320500031948
632000331949
632020431950
322070731951
328020031952
432070331953
302020631954
326070931955
232020231956
382070531957
324020831958
032070131959
032009231960
362004531961
322009831962
832004131963
342009431964
320004731965
632009031966
322004331967
328009631968
432004931969
432600031970
302100331971
326600631972
232100931973
382600231974
324100531975
032600831976
362100131977
322600431978
832100731979
832030831980
342080131981
320030431982
632080731983
322030031984
328080331985
432030631986
302080931987
326030231988
232080531989
232000631990
382005931991
324000231992
032005531993
362000831994
322005131995
832000431996
342005731997
320000031998
632005331999
632009132000