341850287001
310800280002
631850283003
321800286004
318850289005
431800282006
301850285007
316800288008
231850281009
231807282010
381802285011
314807288012
031802281013
361807284014
312802287015
831807280016
341802283017
310807286018
631802289019
631480280020
321980283021
318480286022
431980289023
301480282024
316980285025
231480288026
381980281027
314480284028
031980287029
031810288030
361860281031
312810284032
831860287033
341810280034
310860283035
631810286036
321860289037
318810282038
431860285039
431808286040
301803289041
316808282042
231803285043
381808288044
314803281045
031808284046
361803287047
312808280048
831803283049
831580284050
341080287051
310580280052
631080283053
321580286054
318080289055
431580282056
301080285057
316580288058
231080281059
231820282060
381870285061
314820288062
031870281063
361820284064
312870287065
831820280066
341870283067
310820286068
631870289069
631809280070
321804283071
318809286072
431804289073
301809282074
316804285075
231809288076
381804281077
314809284078
031804287079
031680288080
361180281081
312680284082
831180287083
341680280084
310180283085
631680286086
321180289087
318680282088
431180285089
431830286090
301880289091
316830282092
231880285093
381830288094
314880281095
031830284096
361880287097
312830280098
831880283099
631830528100
321880828101
318830128102
431880428103
301830728104
316880028105
231830328106
381880628107
314830928108
031880228109
031800328110
361805628111
312800928112
831805228113
341800528114
310805828115
631800128116
321805428117
318800728118
431805028119
431780128120
301280428121
316780728122
231280028123
381780328124
314280628125
031780928126
361280228127
312780528128
831280828129
831840928130
341890228131
310840528132
631890828133
321840128134
318890428135
431840728136
301890028137
316840328138
231890628139
231801728140
381806028141
314801328142
031806628143
361801928144
312806228145
831801528146
341806828147
310801128148
631806428149
631880528150
321380828151
318880128152
431380428153
301880728154
316380028155
231880328156
381380628157
314880928158
031380228159
031850328160
361800628161
312850928162
831800228163
341850528164
310800828165
631850128166
321800428167
318850728168
431800028169
431802128170
301807428171
316802728172
231807028173
381802328174
314807628175
031802928176
361807228177
312802528178
831807828179
831980928180
341480228181
310980528182
631480828183
321980128184
318480428185
431980728186
301480028187
316980328188
231480628189
231860728190
381810028191
314860328192
031810628193
361860928194
312810228195
831860528196
341810828197
310860128198
631810428199
431860268200
301810298201
316860228202
231810258203
381860288204
314810218205
031860248206
361810278207
312860208208
831810238209
831803248210
341808278211
310803208212
631808238213
321803268214
318808298215
431803228216
301808258217
316803288218
231808218219
231080228220
381580258221
314080288222
031580218223
361080248224
312580278225
831080208226
341580238227
310080268228
631580298229
631870208230
321820238231
318870268232
431820298233
301870228234
316820258235
231870288236
381820218237
314870248238
031820278239
031804288240
361809218241
312804248242
831809278243
341804208244
310809238245
631804268246
321809298247
318804228248
431809258249
431180268250
301680298251
316180228252
231680258253
381180288254
314680218255
031180248256
361680278257
312180208258
831680238259
831880248260
341830278261
310880208262
631830238263
321880268264
318830298265
431880228266
301830258267
316880288268
231830218269
231805228270
381800258271
314805288272
031800218273
361805248274
312800278275
831805208276
341800238277
310805268278
631800298279
631280208280
321780238281
318280268282
431780298283
301280228284
316780258285
231280288286
381780218287
314280248288
031780278289
031890288290
361840218291
312890248292
831840278293
341890208294
310840238295
631890268296
321840298297
318890228298
431840258299
231890287300
381840280301
314890283302
031840286303
361890289304
312840282305
831890285306
341840288307
310890281308
631840284309
631806285310
321801288311
318806281312
431801284313
301806287314
316801280315
231806283316
381801286317
314806289318
031801282319
031380283320
361880286321
312380289322
831880282323
341380285324
310880288325
631380281326
321880284327
318380287328
431880280329
431800281330
301850284331
316800287332
231850280333
381800283334
314850286335
031800289336
361850282337
312800285338
831850288339
831807289340
341802282341
310807285342
631802288343
321807281344
318802284345
431807287346
301802280347
316807283348
231802286349
231480287350
381980280351
314480283352
031980286353
361480289354
312980282355
831480285356
341980288357
310480281358
631980284359
631810285360
321860288361
318810281362
431860284363
301810287364
316860280365
231810283366
381860286367
314810289368
031860282369
031808283370
361803286371
312808289372
831803282373
341808285374
310803288375
631808281376
321803284377
318808287378
431803280379
431580281380
301080284381
316580287382
231080280383
381580283384
314080286385
031580289386
361080282387
312580285388
831080288389
831820289390
341870282391
310820285392
631870288393
321820281394
318870284395
431820287396
301870280397
316820283398
231870286399
031820828400
361870128401
312820428402
831870728403
341820028404
310870328405
631820628406
321870928407
318820228408
431870528409
431809628410
301804928411
316809228412
231804528413
381809828414
314804128415
031809428416
361804728417
312809028418
831804328419
831680428420
341180728421
310680028422
631180328423
321680628424
318180928425
431680228426
301180528427
316680828428
231180128429
231830228430
381880528431
314830828432
031880128433
361830428434
312880728435
831830028436
341880328437
310830628438
631880928439
631800028440
321805328441
318800628442
431805928443
301800228444
316805528445
231800828446
381805128447
314800428448
031805728449
031780828450
361280128451
312780428452
831280728453
341780028454
310280328455
631780628456
321280928457
318780228458
431280528459
431840628460
301890928461
316840228462
231890528463
381840828464
314890128465
031840428466
361890728467
312840028468
831890328469
831801428470
341806728471
310801028472
631806328473
321801628474
318806928475
431801228476
301806528477
316801828478
231806128479
231880228480
381380528481
314880828482
031380128483
361880428484
312380728485
831880028486
341380328487
310880628488
631380928489
631850028490
321800328491
318850628492
431800928493
301850228494
316800528495
231850828496
381800128497
314850428498
031800728499
831850298500
341800228501
310850258502
631800288503
321850218504
318800248505
431850278506
301800208507
316850238508
231800268509
231802278510
381807208511
314802238512
031807268513
361802298514
312807228515
831802258516
341807288517
310802218518
631807248519
631980258520
321480288521
318980218522
431480248523
301980278524
316480208525
231980238526
381480268527
314980298528
031480228529
031860238530
361810268531
312860298532
831810228533
341860258534
310810288535
631860218536
321810248537
318860278538
431810208539
431803218540
301808248541
316803278542
231808208543
381803238544
314808268545
031803298546
361808228547
312803258548
831808288549
831080298550
341580228551
310080258552
631580288553
321080218554
318580248555
431080278556
301580208557
316080238558
231580268559
231870278560
381820208561
314870238562
031820268563
361870298564
312820228565
831870258566
341820288567
310870218568
631820248569
631804258570
321809288571
318804218572
431809248573
301804278574
316809208575
231804238576
381809268577
314804298578
031809228579
031180238580
361680268581
312180298582
831680228583
341180258584
310680288585
631180218586
321680248587
318180278588
431680208589
431880218590
301830248591
316880278592
231830208593
381880238594
314830268595
031880298596
361830228597
312880258598
831830288599
631880280600
321830283601
318880286602
431830289603
301880282604
316830285605
231880288606
381830281607
314880284608
031830287609
031805288610
361800281611
312805284612
831800287613
341805280614
310800283615
631805286616
321800289617
318805282618
431800285619
431280286620
301780289621
316280282622
231780285623
381280288624
314780281625
031280284626
361780287627
312280280628
831780283629
831890284630
341840287631
310890280632
631840283633
321890286634
318840289635
431890282636
301840285637
316890288638
231840281639
231806282640
381801285641
314806288642
031801281643
361806284644
312801287645
831806280646
341801283647
310806286648
631801289649
631380280650
321880283651
318380286652
431880289653
301380282654
316880285655
231380288656
381880281657
314380284658
031880287659
031800288660
361850281661
312800284662
831850287663
341800280664
310850283665
631800286666
321850289667
318800282668
431850285669
431807286670
301802289671
316807282672
231802285673
381807288674
314802281675
031807284676
361802287677
312807280678
831802283679
831480284680
341980287681
310480280682
631980283683
321480286684
318980289685
431480282686
301980285687
316480288688
231980281689
231810282690
381860285691
314810288692
031860281693
361810284694
312860287695
831810280696
341860283697
310810286698
631860289699
431810128700
301860428701
316810728702
231860028703
381810328704
314860628705
031810928706
361860228707
312810528708
831860828709
831808928710
341803228711
310808528712
631803828713
321808128714
318803428715
431808728716
301803028717
316808328718
231803628719
231580728720
381080028721
314580328722
031080628723
361580928724
312080228725
831580528726
341080828727
310580128728
631080428729
631820528730
321870828731
318820128732
431870428733
301820728734
316870028735
231820328736
381870628737
314820928738
031870228739
031809328740
361804628741
312809928742
831804228743
341809528744
310804828745
631809128746
321804428747
318809728748
431804028749
431680128750
301180428751
316680728752
231180028753
381680328754
314180628755
031680928756
361180228757
312680528758
831180828759
831830928760
341880228761
310830528762
631880828763
321830128764
318880428765
431830728766
301880028767
316830328768
231880628769
231800728770
381805028771
314800328772
031805628773
361800928774
312805228775
831800528776
341805828777
310800128778
631805428779
631780528780
321280828781
318780128782
431280428783
301780728784
316280028785
231780328786
381280628787
314780928788
031280228789
031840328790
361890628791
312840928792
831890228793
341840528794
310890828795
631840128796
321890428797
318840728798
431890028799
231840228800
381890258801
314840288802
031890218803
361840248804
312890278805
831840208806
341890238807
310840268808
631890298809
631801208810
321806238811
318801268812
431806298813
301801228814
316806258815
231801288816
381806218817
314801248818
031806278819
031880288820
361380218821
312880248822
831380278823
341880208824
310380238825
631880268826
321380298827
318880228828
431380258829
431850268830
301800298831
316850228832
231800258833
381850288834
314800218835
031850248836
361800278837
312850208838
831800238839
831802248840
341807278841
310802208842
631807238843
321802268844
318807298845
431802228846
301807258847
316802288848
231807218849
231980228850
381480258851
314980288852
031480218853
361980248854
312480278855
831980208856
341480238857
310980268858
631480298859
631860208860
321810238861
318860268862
431810298863
301860228864
316810258865
231860288866
381810218867
314860248868
031810278869
031803288870
361808218871
312803248872
831808278873
341803208874
310808238875
631803268876
321808298877
318803228878
431808258879
431080268880
301580298881
316080228882
231580258883
381080288884
314580218885
031080248886
361580278887
312080208888
831580238889
831870248890
341820278891
310870208892
631820238893
321870268894
318820298895
431870228896
301820258897
316870288898
231820218899
031870283900
361820286901
312870289902
831820282903
341870285904
310820288905
631870281906
321820284907
318870287908
431820280909
431804281910
301809284911
316804287912
231809280913
381804283914
314809286915
031804289916
361809282917
312804285918
831809288919
831180289920
341680282921
310180285922
631680288923
321180281924
318680284925
431180287926
301680280927
316180283928
231680286929
231880287930
381830280931
314880283932
031830286933
361880289934
312830282935
831880285936
341830288937
310880281938
631830284939
631805285940
321800288941
318805281942
431800284943
301805287944
316800280945
231805283946
381800286947
314805289948
031800282949
031280283950
361780286951
312280289952
831780282953
341280285954
310780288955
631280281956
321780284957
318280287958
431780280959
431890281960
301840284961
316890287962
231840280963
381890283964
314840286965
031890289966
361840282967
312890285968
831840288969
831806289970
341801282971
310806285972
631801288973
321806281974
318801284975
431806287976
301801280977
316806283978
231801286979
231380287980
381880280981
314380283982
031880286983
361380289984
312880282985
831380285986
341880288987
310380281988
631880284989
631800285990
321850288991
318800281992
431850284993
301800287994
316850280995
231800283996
381850286997
314800289998
031850282999
031890290000