342005853001
320000153002
632005453003
322000753004
328005053005
432000353006
302005653007
326000953008
232005253009
232700353010
382200653011
324700953012
032200253013
362700553014
322200853015
832700153016
342200453017
320700753018
632200053019
632040153020
322090453021
328040753022
432090053023
302040353024
326090653025
232040953026
382090253027
324040553028
032090853029
032001953030
362006253031
322001553032
832006853033
342001153034
320006453035
632001753036
322006053037
328001353038
432006653039
432800753040
302300053041
326800353042
232300653043
382800953044
324300253045
032800553046
362300853047
322800153048
832300453049
832050553050
342000853051
320050153052
632000453053
322050753054
328000053055
432050353056
302000653057
326050953058
232000253059
232002353060
382007653061
324002953062
032007253063
362002553064
322007853065
832002153066
342007453067
320002753068
632007053069
632900153070
322400453071
328900753072
432400053073
302900353074
326400653075
232900953076
382400253077
324900553078
032400853079
032060953080
362010253081
322060553082
832010853083
342060153084
320010453085
632060753086
322010053087
328060353088
432010653089
432003753090
302008053091
326003353092
232008653093
382003953094
324008253095
032003553096
362008853097
322003153098
832008453099
632003563100
322008593101
328003523102
432008553103
302003583104
326008513105
232003543106
382008573107
324003503108
032008533109
032000543110
362500573111
322000503112
832500533113
342000563114
320500593115
632000523116
322500553117
328000583118
432500513119
432070523120
302020553121
326070583122
232020513123
382070543124
324020573125
032070503126
362020533127
322070563128
832020593129
832004503130
342009533131
320004563132
632009593133
322004523134
328009553135
432004583136
302009513137
326004543138
232009573139
232100583140
382600513141
324100543142
032600573143
362100503144
322600533145
832100563146
342600593147
320100523148
632600553149
632080563150
322030593151
328080523152
432030553153
302080583154
326030513155
232080543156
382030573157
324080503158
032030533159
032005543160
362000573161
322005503162
832000533163
342005563164
320000593165
632005523166
322000553167
328005583168
432000513169
432200523170
302700553171
326200583172
232700513173
382200543174
324700573175
032200503176
362700533177
322200563178
832700593179
832090503180
342040533181
320090563182
632040593183
322090523184
328040553185
432090583186
302040513187
326090543188
232040573189
232006583190
382001513191
324006543192
032001573193
362006503194
322001533195
832006563196
342001593197
320006523198
632001553199
432006537200
302001530201
326006533202
232001536203
382006539204
324001532205
032006535206
362001538207
322006531208
832001534209
832300535210
342800538211
320300531212
632800534213
322300537214
328800530215
432300533216
302800536217
326300539218
232800532219
232000533220
382050536221
324000539222
032050532223
362000535224
322050538225
832000531226
342050534227
320000537228
632050530229
632007531230
322002534231
328007537232
432002530233
302007533234
326002536235
232007539236
382002532237
324007535238
032002538239
032400539240
362900532241
322400535242
832900538243
342400531244
320900534245
632400537246
322900530247
328400533248
432900536249
432010537250
302060530251
326010533252
232060536253
382010539254
324060532255
032010535256
362060538257
322010531258
832060534259
832008535260
342003538261
320008531262
632003534263
322008537264
328003530265
432008533266
302003536267
326008539268
232003532269
232500533270
382000536271
324500539272
032000532273
362500535274
322000538275
832500531276
342000534277
320500537278
632000530279
632020531280
322070534281
328020537282
432070530283
302020533284
326070536285
232020539286
382070532287
324020535288
032070538289
032009539290
362004532291
322009535292
832004538293
342009531294
320004534295
632009537296
322004530297
328009533298
432004536299
232009853300
382004153301
324009453302
032004753303
362009053304
322004353305
832009653306
342004953307
320009253308
632004553309
632600653310
322100953311
328600253312
432100553313
302600853314
326100153315
232600453316
382100753317
324600053318
032100353319
032030453320
362080753321
322030053322
832080353323
342030653324
320080953325
632030253326
322080553327
328030853328
432080153329
432000253330
302005553331
326000853332
232005153333
382000453334
324005753335
032000053336
362005353337
322000653338
832005953339
832700053340
342200353341
320700653342
632200953343
322700253344
328200553345
432700853346
302200153347
326700453348
232200753349
232040853350
382090153351
324040453352
032090753353
362040053354
322090353355
832040653356
342090953357
320040253358
632090553359
632001653360
322006953361
328001253362
432006553363
302001853364
326006153365
232001453366
382006753367
324001053368
032006353369
032800453370
362300753371
322800053372
832300353373
342800653374
320300953375
632800253376
322300553377
328800853378
432300153379
432050253380
302000553381
326050853382
232000153383
382050453384
324000753385
032050053386
362000353387
322050653388
832000953389
832002053390
342007353391
320002653392
632007953393
322002253394
328007553395
432002853396
302007153397
326002453398
232007753399
032002593400
362007523401
322002553402
832007583403
342002513404
320007543405
632002573406
322007503407
328002533408
432007563409
432900573410
302400503411
326900533412
232400563413
382900593414
324400523415
032900553416
362400583417
322900513418
832400543419
832060553420
342010583421
320060513422
632010543423
322060573424
328010503425
432060533426
302010563427
326060593428
232010523429
232003533430
382008563431
324003593432
032008523433
362003553434
322008583435
832003513436
342008543437
320003573438
632008503439
632000513440
322500543441
328000573442
432500503443
302000533444
326500563445
232000593446
382500523447
324000553448
032500583449
032070593450
362020523451
322070553452
832020583453
342070513454
320020543455
632070573456
322020503457
328070533458
432020563459
432004573460
302009503461
326004533462
232009563463
382004593464
324009523465
032004553466
362009583467
322004513468
832009543469
832100553470
342600583471
320100513472
632600543473
322100573474
328600503475
432100533476
302600563477
326100593478
232600523479
232080533480
382030563481
324080593482
032030523483
362080553484
322030583485
832080513486
342030543487
320080573488
632030503489
632005513490
322000543491
328005573492
432000503493
302005533494
326000563495
232005593496
382000523497
324005553498
032000583499
832005530500
342000533501
320005536502
632000539503
322005532504
328000535505
432005538506
302000531507
326005534508
232000537509
232200538510
382700531511
324200534512
032700537513
362200530514
322700533515
832200536516
342700539517
320200532518
632700535519
632090536520
322040539521
328090532522
432040535523
302090538524
326040531525
232090534526
382040537527
324090530528
032040533529
032006534530
362001537531
322006530532
832001533533
342006536534
320001539535
632006532536
322001535537
328006538538
432001531539
432300532540
302800535541
326300538542
232800531543
382300534544
324800537545
032300530546
362800533547
322300536548
832800539549
832000530550
342050533551
320000536552
632050539553
322000532554
328050535555
432000538556
302050531557
326000534558
232050537559
232007538560
382002531561
324007534562
032002537563
362007530564
322002533565
832007536566
342002539567
320007532568
632002535569
632400536570
322900539571
328400532572
432900535573
302400538574
326900531575
232400534576
382900537577
324400530578
032900533579
032010534580
362060537581
322010530582
832060533583
342010536584
320060539585
632010532586
322060535587
328010538588
432060531589
432008532590
302003535591
326008538592
232003531593
382008534594
324003537595
032008530596
362003533597
322008536598
832003539599
632008153600
322003453601
328008753602
432003053603
302008353604
326003653605
232008953606
382003253607
324008553608
032003853609
032500953610
362000253611
322500553612
832000853613
342500153614
320000453615
632500753616
322000053617
328500353618
432000653619
432020753620
302070053621
326020353622
232070653623
382020953624
324070253625
032020553626
362070853627
322020153628
832070453629
832009553630
342004853631
320009153632
632004453633
322009753634
328004053635
432009353636
302004653637
326009953638
232004253639
232600353640
382100653641
324600953642
032100253643
362600553644
322100853645
832600153646
342100453647
320600753648
632100053649
632030153650
322080453651
328030753652
432080053653
302030353654
326080653655
232030953656
382080253657
324030553658
032080853659
032000953660
362005253661
322000553662
832005853663
342000153664
320005453665
632000753666
322005053667
328000353668
432005653669
432700753670
302200053671
326700353672
232200653673
382700953674
324200253675
032700553676
362200853677
322700153678
832200453679
832040553680
342090853681
320040153682
632090453683
322040753684
328090053685
432040353686
302090653687
326040953688
232090253689
232001353690
382006653691
324001953692
032006253693
362001553694
322006853695
832001153696
342006453697
320001753698
632006053699
432001523700
302006553701
326001583702
232006513703
382001543704
324006573705
032001503706
362006533707
322001563708
832006593709
832800503710
342300533711
320800563712
632300593713
322800523714
328300553715
432800583716
302300513717
326800543718
232300573719
232050583720
382000513721
324050543722
032000573723
362050503724
322000533725
832050563726
342000593727
320050523728
632000553729
632002563730
322007593731
328002523732
432007553733
302002583734
326007513735
232002543736
382007573737
324002503738
032007533739
032900543740
362400573741
322900503742
832400533743
342900563744
320400593745
632900523746
322400553747
328900583748
432400513749
432060523750
302010553751
326060583752
232010513753
382060543754
324010573755
032060503756
362010533757
322060563758
832010593759
832003503760
342008533761
320003563762
632008593763
322003523764
328008553765
432003583766
302008513767
326003543768
232008573769
232000583770
382500513771
324000543772
032500573773
362000503774
322500533775
832000563776
342500593777
320000523778
632500553779
632070563780
322020593781
328070523782
432020553783
302070583784
326020513785
232070543786
382020573787
324070503788
032020533789
032004543790
362009573791
322004503792
832009533793
342004563794
320009593795
632004523796
322009553797
328004583798
432009513799
232004533800
382009536801
324004539802
032009532803
362004535804
322009538805
832004531806
342009534807
320004537808
632009530809
632100531810
322600534811
328100537812
432600530813
302100533814
326600536815
232100539816
382600532817
324100535818
032600538819
032080539820
362030532821
322080535822
832030538823
342080531824
320030534825
632080537826
322030530827
328080533828
432030536829
432005537830
302000530831
326005533832
232000536833
382005539834
324000532835
032005535836
362000538837
322005531838
832000534839
832200535840
342700538841
320200531842
632700534843
322200537844
328700530845
432200533846
302700536847
326200539848
232700532849
232090533850
382040536851
324090539852
032040532853
362090535854
322040538855
832090531856
342040534857
320090537858
632040530859
632006531860
322001534861
328006537862
432001530863
302006533864
326001536865
232006539866
382001532867
324006535868
032001538869
032300539870
362800532871
322300535872
832800538873
342300531874
320800534875
632300537876
322800530877
328300533878
432800536879
432000537880
302050530881
326000533882
232050536883
382000539884
324050532885
032000535886
362050538887
322000531888
832050534889
832007535890
342002538891
320007531892
632002534893
322007537894
328002530895
432007533896
302002536897
326007539898
232002532899
032007453900
362002753901
322007053902
832002353903
342007653904
320002953905
632007253906
322002553907
328007853908
432002153909
432400253910
302900553911
326400853912
232900153913
382400453914
324900753915
032400053916
362900353917
322400653918
832900953919
832010053920
342060353921
320010653922
632060953923
322010253924
328060553925
432010853926
302060153927
326010453928
232060753929
232008853930
382003153931
324008453932
032003753933
362008053934
322003353935
832008653936
342003953937
320008253938
632003553939
632500653940
322000953941
328500253942
432000553943
302500853944
326000153945
232500453946
382000753947
324500053948
032000353949
032020453950
362070753951
322020053952
832070353953
342020653954
320070953955
632020253956
322070553957
328020853958
432070153959
432009253960
302004553961
326009853962
232004153963
382009453964
324004753965
032009053966
362004353967
322009653968
832004953969
832600053970
342100353971
320600653972
632100953973
322600253974
328100553975
432600853976
302100153977
326600453978
232100753979
232030853980
382080153981
324030453982
032080753983
362030053984
322080353985
832030653986
342080953987
320030253988
632080553989
632000653990
322005953991
328000253992
432005553993
302000853994
326005153995
232000453996
382005753997
324000053998
032005353999
032009154000