332005820001
329000120002
532005420003
312000720004
327005020005
332000320006
392005620007
325000920008
132005220009
132700320010
372200620011
323700920012
932200220013
352700520014
321200820015
732700120016
332200420017
329700720018
532200020019
532040120020
312090420021
327040720022
332090020023
392040320024
325090620025
132040920026
372090220027
323040520028
932090820029
932001920030
352006220031
321001520032
732006820033
332001120034
329006420035
532001720036
312006020037
327001320038
332006620039
332800720040
392300020041
325800320042
132300620043
372800920044
323300220045
932800520046
352300820047
321800120048
732300420049
732050520050
332000820051
329050120052
532000420053
312050720054
327000020055
332050320056
392000620057
325050920058
132000220059
132002320060
372007620061
323002920062
932007220063
352002520064
321007820065
732002120066
332007420067
329002720068
532007020069
532900120070
312400420071
327900720072
332400020073
392900320074
325400620075
132900920076
372400220077
323900520078
932400820079
932060920080
352010220081
321060520082
732010820083
332060120084
329010420085
532060720086
312010020087
327060320088
332010620089
332003720090
392008020091
325003320092
132008620093
372003920094
323008220095
932003520096
352008820097
321003120098
732008420099
532003260100
312008290101
327003220102
332008250103
392003280104
325008210105
132003240106
372008270107
323003200108
932008230109
932000240110
352500270111
321000200112
732500230113
332000260114
329500290115
532000220116
312500250117
327000280118
332500210119
332070220120
392020250121
325070280122
132020210123
372070240124
323020270125
932070200126
352020230127
321070260128
732020290129
732004200130
332009230131
329004260132
532009290133
312004220134
327009250135
332004280136
392009210137
325004240138
132009270139
132100280140
372600210141
323100240142
932600270143
352100200144
321600230145
732100260146
332600290147
329100220148
532600250149
532080260150
312030290151
327080220152
332030250153
392080280154
325030210155
132080240156
372030270157
323080200158
932030230159
932005240160
352000270161
321005200162
732000230163
332005260164
329000290165
532005220166
312000250167
327005280168
332000210169
332200220170
392700250171
325200280172
132700210173
372200240174
323700270175
932200200176
352700230177
321200260178
732700290179
732090200180
332040230181
329090260182
532040290183
312090220184
327040250185
332090280186
392040210187
325090240188
132040270189
132006280190
372001210191
323006240192
932001270193
352006200194
321001230195
732006260196
332001290197
329006220198
532001250199
332006207200
392001200201
325006203202
132001206203
372006209204
323001202205
932006205206
352001208207
321006201208
732001204209
732300205210
332800208211
329300201212
532800204213
312300207214
327800200215
332300203216
392800206217
325300209218
132800202219
132000203220
372050206221
323000209222
932050202223
352000205224
321050208225
732000201226
332050204227
329000207228
532050200229
532007201230
312002204231
327007207232
332002200233
392007203234
325002206235
132007209236
372002202237
323007205238
932002208239
932400209240
352900202241
321400205242
732900208243
332400201244
329900204245
532400207246
312900200247
327400203248
332900206249
332010207250
392060200251
325010203252
132060206253
372010209254
323060202255
932010205256
352060208257
321010201258
732060204259
732008205260
332003208261
329008201262
532003204263
312008207264
327003200265
332008203266
392003206267
325008209268
132003202269
132500203270
372000206271
323500209272
932000202273
352500205274
321000208275
732500201276
332000204277
329500207278
532000200279
532020201280
312070204281
327020207282
332070200283
392020203284
325070206285
132020209286
372070202287
323020205288
932070208289
932009209290
352004202291
321009205292
732004208293
332009201294
329004204295
532009207296
312004200297
327009203298
332004206299
132009820300
372004120301
323009420302
932004720303
352009020304
321004320305
732009620306
332004920307
329009220308
532004520309
532600620310
312100920311
327600220312
332100520313
392600820314
325100120315
132600420316
372100720317
323600020318
932100320319
932030420320
352080720321
321030020322
732080320323
332030620324
329080920325
532030220326
312080520327
327030820328
332080120329
332000220330
392005520331
325000820332
132005120333
372000420334
323005720335
932000020336
352005320337
321000620338
732005920339
732700020340
332200320341
329700620342
532200920343
312700220344
327200520345
332700820346
392200120347
325700420348
132200720349
132040820350
372090120351
323040420352
932090720353
352040020354
321090320355
732040620356
332090920357
329040220358
532090520359
532001620360
312006920361
327001220362
332006520363
392001820364
325006120365
132001420366
372006720367
323001020368
932006320369
932800420370
352300720371
321800020372
732300320373
332800620374
329300920375
532800220376
312300520377
327800820378
332300120379
332050220380
392000520381
325050820382
132000120383
372050420384
323000720385
932050020386
352000320387
321050620388
732000920389
732002020390
332007320391
329002620392
532007920393
312002220394
327007520395
332002820396
392007120397
325002420398
132007720399
932002290400
352007220401
321002250402
732007280403
332002210404
329007240405
532002270406
312007200407
327002230408
332007260409
332900270410
392400200411
325900230412
132400260413
372900290414
323400220415
932900250416
352400280417
321900210418
732400240419
732060250420
332010280421
329060210422
532010240423
312060270424
327010200425
332060230426
392010260427
325060290428
132010220429
132003230430
372008260431
323003290432
932008220433
352003250434
321008280435
732003210436
332008240437
329003270438
532008200439
532000210440
312500240441
327000270442
332500200443
392000230444
325500260445
132000290446
372500220447
323000250448
932500280449
932070290450
352020220451
321070250452
732020280453
332070210454
329020240455
532070270456
312020200457
327070230458
332020260459
332004270460
392009200461
325004230462
132009260463
372004290464
323009220465
932004250466
352009280467
321004210468
732009240469
732100250470
332600280471
329100210472
532600240473
312100270474
327600200475
332100230476
392600260477
325100290478
132600220479
132080230480
372030260481
323080290482
932030220483
352080250484
321030280485
732080210486
332030240487
329080270488
532030200489
532005210490
312000240491
327005270492
332000200493
392005230494
325000260495
132005290496
372000220497
323005250498
932000280499
732005200500
332000203501
329005206502
532000209503
312005202504
327000205505
332005208506
392000201507
325005204508
132000207509
132200208510
372700201511
323200204512
932700207513
352200200514
321700203515
732200206516
332700209517
329200202518
532700205519
532090206520
312040209521
327090202522
332040205523
392090208524
325040201525
132090204526
372040207527
323090200528
932040203529
932006204530
352001207531
321006200532
732001203533
332006206534
329001209535
532006202536
312001205537
327006208538
332001201539
332300202540
392800205541
325300208542
132800201543
372300204544
323800207545
932300200546
352800203547
321300206548
732800209549
732000200550
332050203551
329000206552
532050209553
312000202554
327050205555
332000208556
392050201557
325000204558
132050207559
132007208560
372002201561
323007204562
932002207563
352007200564
321002203565
732007206566
332002209567
329007202568
532002205569
532400206570
312900209571
327400202572
332900205573
392400208574
325900201575
132400204576
372900207577
323400200578
932900203579
932010204580
352060207581
321010200582
732060203583
332010206584
329060209585
532010202586
312060205587
327010208588
332060201589
332008202590
392003205591
325008208592
132003201593
372008204594
323003207595
932008200596
352003203597
321008206598
732003209599
532008120600
312003420601
327008720602
332003020603
392008320604
325003620605
132008920606
372003220607
323008520608
932003820609
932500920610
352000220611
321500520612
732000820613
332500120614
329000420615
532500720616
312000020617
327500320618
332000620619
332020720620
392070020621
325020320622
132070620623
372020920624
323070220625
932020520626
352070820627
321020120628
732070420629
732009520630
332004820631
329009120632
532004420633
312009720634
327004020635
332009320636
392004620637
325009920638
132004220639
132600320640
372100620641
323600920642
932100220643
352600520644
321100820645
732600120646
332100420647
329600720648
532100020649
532030120650
312080420651
327030720652
332080020653
392030320654
325080620655
132030920656
372080220657
323030520658
932080820659
932000920660
352005220661
321000520662
732005820663
332000120664
329005420665
532000720666
312005020667
327000320668
332005620669
332700720670
392200020671
325700320672
132200620673
372700920674
323200220675
932700520676
352200820677
321700120678
732200420679
732040520680
332090820681
329040120682
532090420683
312040720684
327090020685
332040320686
392090620687
325040920688
132090220689
132001320690
372006620691
323001920692
932006220693
352001520694
321006820695
732001120696
332006420697
329001720698
532006020699
332001220700
392006250701
325001280702
132006210703
372001240704
323006270705
932001200706
352006230707
321001260708
732006290709
732800200710
332300230711
329800260712
532300290713
312800220714
327300250715
332800280716
392300210717
325800240718
132300270719
132050280720
372000210721
323050240722
932000270723
352050200724
321000230725
732050260726
332000290727
329050220728
532000250729
532002260730
312007290731
327002220732
332007250733
392002280734
325007210735
132002240736
372007270737
323002200738
932007230739
932900240740
352400270741
321900200742
732400230743
332900260744
329400290745
532900220746
312400250747
327900280748
332400210749
332060220750
392010250751
325060280752
132010210753
372060240754
323010270755
932060200756
352010230757
321060260758
732010290759
732003200760
332008230761
329003260762
532008290763
312003220764
327008250765
332003280766
392008210767
325003240768
132008270769
132000280770
372500210771
323000240772
932500270773
352000200774
321500230775
732000260776
332500290777
329000220778
532500250779
532070260780
312020290781
327070220782
332020250783
392070280784
325020210785
132070240786
372020270787
323070200788
932020230789
932004240790
352009270791
321004200792
732009230793
332004260794
329009290795
532004220796
312009250797
327004280798
332009210799
132004203800
372009206801
323004209802
932009202803
352004205804
321009208805
732004201806
332009204807
329004207808
532009200809
532100201810
312600204811
327100207812
332600200813
392100203814
325600206815
132100209816
372600202817
323100205818
932600208819
932080209820
352030202821
321080205822
732030208823
332080201824
329030204825
532080207826
312030200827
327080203828
332030206829
332005207830
392000200831
325005203832
132000206833
372005209834
323000202835
932005205836
352000208837
321005201838
732000204839
732200205840
332700208841
329200201842
532700204843
312200207844
327700200845
332200203846
392700206847
325200209848
132700202849
132090203850
372040206851
323090209852
932040202853
352090205854
321040208855
732090201856
332040204857
329090207858
532040200859
532006201860
312001204861
327006207862
332001200863
392006203864
325001206865
132006209866
372001202867
323006205868
932001208869
932300209870
352800202871
321300205872
732800208873
332300201874
329800204875
532300207876
312800200877
327300203878
332800206879
332000207880
392050200881
325000203882
132050206883
372000209884
323050202885
932000205886
352050208887
321000201888
732050204889
732007205890
332002208891
329007201892
532002204893
312007207894
327002200895
332007203896
392002206897
325007209898
132002202899
932007420900
352002720901
321007020902
732002320903
332007620904
329002920905
532007220906
312002520907
327007820908
332002120909
332400220910
392900520911
325400820912
132900120913
372400420914
323900720915
932400020916
352900320917
321400620918
732900920919
732010020920
332060320921
329010620922
532060920923
312010220924
327060520925
332010820926
392060120927
325010420928
132060720929
132008820930
372003120931
323008420932
932003720933
352008020934
321003320935
732008620936
332003920937
329008220938
532003520939
532500620940
312000920941
327500220942
332000520943
392500820944
325000120945
132500420946
372000720947
323500020948
932000320949
932020420950
352070720951
321020020952
732070320953
332020620954
329070920955
532020220956
312070520957
327020820958
332070120959
332009220960
392004520961
325009820962
132004120963
372009420964
323004720965
932009020966
352004320967
321009620968
732004920969
732600020970
332100320971
329600620972
532100920973
312600220974
327100520975
332600820976
392100120977
325600420978
132100720979
132030820980
372080120981
323030420982
932080720983
352030020984
321080320985
732030620986
332080920987
329030220988
532080520989
532000620990
312005920991
327000220992
332005520993
392000820994
325005120995
132000420996
372005720997
323000020998
932005320999
932009121000