382008050001
324003350002
032008650003
362003950004
322008250005
832003550006
342008850007
320003150008
632008450009
632000550010
322500850011
328000150012
432500450013
302000750014
326500050015
232000350016
382500650017
324000950018
032500250019
032070350020
362020650021
322070950022
832020250023
342070550024
320020850025
632070150026
322020450027
328070750028
432020050029
432004150030
302009450031
326004750032
232009050033
382004350034
324009650035
032004950036
362009250037
322004550038
832009850039
832100950040
342600250041
320100550042
632600850043
322100150044
328600450045
432100750046
302600050047
326100350048
232600650049
232080750050
382030050051
324080350052
032030650053
362080950054
322030250055
832080550056
342030850057
320080150058
632030450059
632005550060
322000850061
328005150062
432000450063
302005750064
326000050065
232005350066
382000650067
324005950068
032000250069
032200350070
362700650071
322200950072
832700250073
342200550074
320700850075
632200150076
322700450077
328200750078
432700050079
432090150080
302040450081
326090750082
232040050083
382090350084
324040650085
032090950086
362040250087
322090550088
832040850089
832006950090
342001250091
320006550092
632001850093
322006150094
328001450095
432006750096
302001050097
326006350098
232001650099
032006580100
362001510101
322006540102
832001570103
342006500104
320001530105
632006560106
322001590107
328006520108
432001550109
432300560110
302800590111
326300520112
232800550113
382300580114
324800510115
032300540116
362800570117
322300500118
832800530119
832000540120
342050570121
320000500122
632050530123
322000560124
328050590125
432000520126
302050550127
326000580128
232050510129
232007520130
382002550131
324007580132
032002510133
362007540134
322002570135
832007500136
342002530137
320007560138
632002590139
632400500140
322900530141
328400560142
432900590143
302400520144
326900550145
232400580146
382900510147
324400540148
032900570149
032010580150
362060510151
322010540152
832060570153
342010500154
320060530155
632010560156
322060590157
328010520158
432060550159
432008560160
302003590161
326008520162
232003550163
382008580164
324003510165
032008540166
362003570167
322008500168
832003530169
832500540170
342000570171
320500500172
632000530173
322500560174
328000590175
432500520176
302000550177
326500580178
232000510179
232020520180
382070550181
324020580182
032070510183
362020540184
322070570185
832020500186
342070530187
320020560188
632070590189
632009500190
322004530191
328009560192
432004590193
302009520194
326004550195
232009580196
382004510197
324009540198
032004570199
832009509200
342004502201
320009505202
632004508203
322009501204
328004504205
432009507206
302004500207
326009503208
232004506209
232600507210
382100500211
324600503212
032100506213
362600509214
322100502215
832600505216
342100508217
320600501218
632100504219
632030505220
322080508221
328030501222
432080504223
302030507224
326080500225
232030503226
382080506227
324030509228
032080502229
032000503230
362005506231
322000509232
832005502233
342000505234
320005508235
632000501236
322005504237
328000507238
432005500239
432700501240
302200504241
326700507242
232200500243
382700503244
324200506245
032700509246
362200502247
322700505248
832200508249
832040509250
342090502251
320040505252
632090508253
322040501254
328090504255
432040507256
302090500257
326040503258
232090506259
232001507260
382006500261
324001503262
032006506263
362001509264
322006502265
832001505266
342006508267
320001501268
632006504269
632800505270
322300508271
328800501272
432300504273
302800507274
326300500275
232800503276
382300506277
324800509278
032300502279
032050503280
362000506281
322050509282
832000502283
342050505284
320000508285
632050501286
322000504287
328050507288
432000500289
432002501290
302007504291
326002507292
232007500293
382002503294
324007506295
032002509296
362007502297
322002505298
832007508299
632002050300
322007350301
328002650302
432007950303
302002250304
326007550305
232002850306
382007150307
324002450308
032007750309
032900850310
362400150311
322900450312
832400750313
342900050314
320400350315
632900650316
322400950317
328900250318
432400550319
432060650320
302010950321
326060250322
232010550323
382060850324
324010150325
032060450326
362010750327
322060050328
832010350329
832003450330
342008750331
320003050332
632008350333
322003650334
328008950335
432003250336
302008550337
326003850338
232008150339
232000250340
382500550341
324000850342
032500150343
362000450344
322500750345
832000050346
342500350347
320000650348
632500950349
632070050350
322020350351
328070650352
432020950353
302070250354
326020550355
232070850356
382020150357
324070450358
032020750359
032004850360
362009150361
322004450362
832009750363
342004050364
320009350365
632004650366
322009950367
328004250368
432009550369
432100650370
302600950371
326100250372
232600550373
382100850374
324600150375
032100450376
362600750377
322100050378
832600350379
832080450380
342030750381
320080050382
632030350383
322080650384
328030950385
432080250386
302030550387
326080850388
232030150389
232005250390
382000550391
324005850392
032000150393
362005450394
322000750395
832005050396
342000350397
320005650398
632000950399
432005510400
302000540401
326005570402
232000500403
382005530404
324000560405
032005590406
362000520407
322005550408
832000580409
832200590410
342700520411
320200550412
632700580413
322200510414
328700540415
432200570416
302700500417
326200530418
232700560419
232090570420
382040500421
324090530422
032040560423
362090590424
322040520425
832090550426
342040580427
320090510428
632040540429
632006550430
322001580431
328006510432
432001540433
302006570434
326001500435
232006530436
382001560437
324006590438
032001520439
032300530440
362800560441
322300590442
832800520443
342300550444
320800580445
632300510446
322800540447
328300570448
432800500449
432000510450
302050540451
326000570452
232050500453
382000530454
324050560455
032000590456
362050520457
322000550458
832050580459
832007590460
342002520461
320007550462
632002580463
322007510464
328002540465
432007570466
302002500467
326007530468
232002560469
232400570470
382900500471
324400530472
032900560473
362400590474
322900520475
832400550476
342900580477
320400510478
632900540479
632010550480
322060580481
328010510482
432060540483
302010570484
326060500485
232010530486
382060560487
324010590488
032060520489
032008530490
362003560491
322008590492
832003520493
342008550494
320003580495
632008510496
322003540497
328008570498
432003500499
232008502500
382003505501
324008508502
032003501503
362008504504
322003507505
832008500506
342003503507
320008506508
632003509509
632500500510
322000503511
328500506512
432000509513
302500502514
326000505515
232500508516
382000501517
324500504518
032000507519
032020508520
362070501521
322020504522
832070507523
342020500524
320070503525
632020506526
322070509527
328020502528
432070505529
432009506530
302004509531
326009502532
232004505533
382009508534
324004501535
032009504536
362004507537
322009500538
832004503539
832600504540
342100507541
320600500542
632100503543
322600506544
328100509545
432600502546
302100505547
326600508548
232100501549
232030502550
382080505551
324030508552
032080501553
362030504554
322080507555
832030500556
342080503557
320030506558
632080509559
632000500560
322005503561
328000506562
432005509563
302000502564
326005505565
232000508566
382005501567
324000504568
032005507569
032700508570
362200501571
322700504572
832200507573
342700500574
320200503575
632700506576
322200509577
328700502578
432200505579
432040506580
302090509581
326040502582
232090505583
382040508584
324090501585
032040504586
362090507587
322040500588
832090503589
832001504590
342006507591
320001500592
632006503593
322001506594
328006509595
432001502596
302006505597
326001508598
232006501599
032001350600
362006650601
322001950602
832006250603
342001550604
320006850605
632001150606
322006450607
328001750608
432006050609
432800150610
302300450611
326800750612
232300050613
382800350614
324300650615
032800950616
362300250617
322800550618
832300850619
832050950620
342000250621
320050550622
632000850623
322050150624
328000450625
432050750626
302000050627
326050350628
232000650629
232002750630
382007050631
324002350632
032007650633
362002950634
322007250635
832002550636
342007850637
320002150638
632007450639
632900550640
322400850641
328900150642
432400450643
302900750644
326400050645
232900350646
382400650647
324900950648
032400250649
032060350650
362010650651
322060950652
832010250653
342060550654
320010850655
632060150656
322010450657
328060750658
432010050659
432003150660
302008450661
326003750662
232008050663
382003350664
324008650665
032003950666
362008250667
322003550668
832008850669
832000950670
342500250671
320000550672
632500850673
322000150674
328500450675
432000750676
302500050677
326000350678
232500650679
232070750680
382020050681
324070350682
032020650683
362070950684
322020250685
832070550686
342020850687
320070150688
632020450689
632004550690
322009850691
328004150692
432009450693
302004750694
326009050695
232004350696
382009650697
324004950698
032009250699
832004540700
342009570701
320004500702
632009530703
322004560704
328009590705
432004520706
302009550707
326004580708
232009510709
232100520710
382600550711
324100580712
032600510713
362100540714
322600570715
832100500716
342600530717
320100560718
632600590719
632080500720
322030530721
328080560722
432030590723
302080520724
326030550725
232080580726
382030510727
324080540728
032030570729
032005580730
362000510731
322005540732
832000570733
342005500734
320000530735
632005560736
322000590737
328005520738
432000550739
432200560740
302700590741
326200520742
232700550743
382200580744
324700510745
032200540746
362700570747
322200500748
832700530749
832090540750
342040570751
320090500752
632040530753
322090560754
328040590755
432090520756
302040550757
326090580758
232040510759
232006520760
382001550761
324006580762
032001510763
362006540764
322001570765
832006500766
342001530767
320006560768
632001590769
632300500770
322800530771
328300560772
432800590773
302300520774
326800550775
232300580776
382800510777
324300540778
032800570779
032000580780
362050510781
322000540782
832050570783
342000500784
320050530785
632000560786
322050590787
328000520788
432050550789
432007560790
302002590791
326007520792
232002550793
382007580794
324002510795
032007540796
362002570797
322007500798
832002530799
632007505800
322002508801
328007501802
432002504803
302007507804
326002500805
232007503806
382002506807
324007509808
032002502809
032400503810
362900506811
322400509812
832900502813
342400505814
320900508815
632400501816
322900504817
328400507818
432900500819
432010501820
302060504821
326010507822
232060500823
382010503824
324060506825
032010509826
362060502827
322010505828
832060508829
832008509830
342003502831
320008505832
632003508833
322008501834
328003504835
432008507836
302003500837
326008503838
232003506839
232500507840
382000500841
324500503842
032000506843
362500509844
322000502845
832500505846
342000508847
320500501848
632000504849
632020505850
322070508851
328020501852
432070504853
302020507854
326070500855
232020503856
382070506857
324020509858
032070502859
032009503860
362004506861
322009509862
832004502863
342009505864
320004508865
632009501866
322004504867
328009507868
432004500869
432600501870
302100504871
326600507872
232100500873
382600503874
324100506875
032600509876
362100502877
322600505878
832100508879
832030509880
342080502881
320030505882
632080508883
322030501884
328080504885
432030507886
302080500887
326030503888
232080506889
232000507890
382005500891
324000503892
032005506893
362000509894
322005502895
832000505896
342005508897
320000501898
632005504899
432000650900
302005950901
326000250902
232005550903
382000850904
324005150905
032000450906
362005750907
322000050908
832005350909
832700450910
342200750911
320700050912
632200350913
322700650914
328200950915
432700250916
302200550917
326700850918
232200150919
232040250920
382090550921
324040850922
032090150923
362040450924
322090750925
832040050926
342090350927
320040650928
632090950929
632001050930
322006350931
328001650932
432006950933
302001250934
326006550935
232001850936
382006150937
324001450938
032006750939
032800850940
362300150941
322800450942
832300750943
342800050944
320300350945
632800650946
322300950947
328800250948
432300550949
432050650950
302000950951
326050250952
232000550953
382050850954
324000150955
032050450956
362000750957
322050050958
832000350959
832002450960
342007750961
320002050962
632007350963
322002650964
328007950965
432002250966
302007550967
326002850968
232007150969
232900250970
382400550971
324900850972
032400150973
362900450974
322400750975
832900050976
342400350977
320900650978
632400950979
632060050980
322010350981
328060650982
432010950983
302060250984
326010550985
232060850986
382010150987
324060450988
032010750989
032003850990
362008150991
322003450992
832008750993
342003050994
320008350995
632003650996
322008950997
328003250998
432008550999
432002351000