302000836001
326005136002
232000436003
382005736004
324000036005
032005336006
362000636007
322005936008
832000236009
832200336010
342700636011
320200936012
632700236013
322200536014
328700836015
432200136016
302700436017
326200736018
232700036019
232090136020
382040436021
324090736022
032040036023
362090336024
322040636025
832090936026
342040236027
320090536028
632040836029
632006936030
322001236031
328006536032
432001836033
302006136034
326001436035
232006736036
382001036037
324006336038
032001636039
032300736040
362800036041
322300336042
832800636043
342300936044
320800236045
632300536046
322800836047
328300136048
432800436049
432000536050
302050836051
326000136052
232050436053
382000736054
324050036055
032000336056
362050636057
322000936058
832050236059
832007336060
342002636061
320007936062
632002236063
322007536064
328002836065
432007136066
302002436067
326007736068
232002036069
232400136070
382900436071
324400736072
032900036073
362400336074
322900636075
832400936076
342900236077
320400536078
632900836079
632010936080
322060236081
328010536082
432060836083
302010136084
326060436085
232010736086
382060036087
324010336088
032060636089
032008736090
362003036091
322008336092
832003636093
342008936094
320003236095
632008536096
322003836097
328008136098
432003436099
232008366100
382003396101
324008326102
032003356103
362008386104
322003316105
832008346106
342003376107
320008306108
632003336109
632500346110
322000376111
328500306112
432000336113
302500366114
326000396115
232500326116
382000356117
324500386118
032000316119
032020326120
362070356121
322020386122
832070316123
342020346124
320070376125
632020306126
322070336127
328020366128
432070396129
432009306130
302004336131
326009366132
232004396133
382009326134
324004356135
032009386136
362004316137
322009346138
832004376139
832600386140
342100316141
320600346142
632100376143
322600306144
328100336145
432600366146
302100396147
326600326148
232100356149
232030366150
382080396151
324030326152
032080356153
362030386154
322080316155
832030346156
342080376157
320030306158
632080336159
632000346160
322005376161
328000306162
432005336163
302000366164
326005396165
232000326166
382005356167
324000386168
032005316169
032700326170
362200356171
322700386172
832200316173
342700346174
320200376175
632700306176
322200336177
328700366178
432200396179
432040306180
302090336181
326040366182
232090396183
382040326184
324090356185
032040386186
362090316187
322040346188
832090376189
832001386190
342006316191
320001346192
632006376193
322001306194
328006336195
432001366196
302006396197
326001326198
232006356199
032001367200
362006360201
322001363202
832006366203
342001369204
320006362205
632001365206
322006368207
328001361208
432006364209
432800365210
302300368211
326800361212
232300364213
382800367214
324300360215
032800363216
362300366217
322800369218
832300362219
832050363220
342000366221
320050369222
632000362223
322050365224
328000368225
432050361226
302000364227
326050367228
232000360229
232002361230
382007364231
324002367232
032007360233
362002363234
322007366235
832002369236
342007362237
320002365238
632007368239
632900369240
322400362241
328900365242
432400368243
302900361244
326400364245
232900367246
382400360247
324900363248
032400366249
032060367250
362010360251
322060363252
832010366253
342060369254
320010362255
632060365256
322010368257
328060361258
432010364259
432003365260
302008368261
326003361262
232008364263
382003367264
324008360265
032003363266
362008366267
322003369268
832008362269
832000363270
342500366271
320000369272
632500362273
322000365274
328500368275
432000361276
302500364277
326000367278
232500360279
232070361280
382020364281
324070367282
032020360283
362070363284
322020366285
832070369286
342020362287
320070365288
632020368289
632004369290
322009362291
328004365292
432009368293
302004361294
326009364295
232004367296
382009360297
324004363298
032009366299
832004836300
342009136301
320004436302
632009736303
322004036304
328009336305
432004636306
302009936307
326004236308
232009536309
232100636310
382600936311
324100236312
032600536313
362100836314
322600136315
832100436316
342600736317
320100036318
632600336319
632080436320
322030736321
328080036322
432030336323
302080636324
326030936325
232080236326
382030536327
324080836328
032030136329
032005236330
362000536331
322005836332
832000136333
342005436334
320000736335
632005036336
322000336337
328005636338
432000936339
432200036340
302700336341
326200636342
232700936343
382200236344
324700536345
032200836346
362700136347
322200436348
832700736349
832090836350
342040136351
320090436352
632040736353
322090036354
328040336355
432090636356
302040936357
326090236358
232040536359
232006636360
382001936361
324006236362
032001536363
362006836364
322001136365
832006436366
342001736367
320006036368
632001336369
632300436370
322800736371
328300036372
432800336373
302300636374
326800936375
232300236376
382800536377
324300836378
032800136379
032000236380
362050536381
322000836382
832050136383
342000436384
320050736385
632000036386
322050336387
328000636388
432050936389
432007036390
302002336391
326007636392
232002936393
382007236394
324002536395
032007836396
362002136397
322007436398
832002736399
632007396400
322002326401
328007356402
432002386403
302007316404
326002346405
232007376406
382002306407
324007336408
032002366409
032400376410
362900306411
322400336412
832900366413
342400396414
320900326415
632400356416
322900386417
328400316418
432900346419
432010356420
302060386421
326010316422
232060346423
382010376424
324060306425
032010336426
362060366427
322010396428
832060326429
832008336430
342003366431
320008396432
632003326433
322008356434
328003386435
432008316436
302003346437
326008376438
232003306439
232500316440
382000346441
324500376442
032000306443
362500336444
322000366445
832500396446
342000326447
320500356448
632000386449
632020396450
322070326451
328020356452
432070386453
302020316454
326070346455
232020376456
382070306457
324020336458
032070366459
032009376460
362004306461
322009336462
832004366463
342009396464
320004326465
632009356466
322004386467
328009316468
432004346469
432600356470
302100386471
326600316472
232100346473
382600376474
324100306475
032600336476
362100366477
322600396478
832100326479
832030336480
342080366481
320030396482
632080326483
322030356484
328080386485
432030316486
302080346487
326030376488
232080306489
232000316490
382005346491
324000376492
032005306493
362000336494
322005366495
832000396496
342005326497
320000356498
632005386499
432000360500
302005363501
326000366502
232005369503
382000362504
324005365505
032000368506
362005361507
322000364508
832005367509
832700368510
342200361511
320700364512
632200367513
322700360514
328200363515
432700366516
302200369517
326700362518
232200365519
232040366520
382090369521
324040362522
032090365523
362040368524
322090361525
832040364526
342090367527
320040360528
632090363529
632001364530
322006367531
328001360532
432006363533
302001366534
326006369535
232001362536
382006365537
324001368538
032006361539
032800362540
362300365541
322800368542
832300361543
342800364544
320300367545
632800360546
322300363547
328800366548
432300369549
432050360550
302000363551
326050366552
232000369553
382050362554
324000365555
032050368556
362000361557
322050364558
832000367559
832002368560
342007361561
320002364562
632007367563
322002360564
328007363565
432002366566
302007369567
326002362568
232007365569
232900366570
382400369571
324900362572
032400365573
362900368574
322400361575
832900364576
342400367577
320900360578
632400363579
632060364580
322010367581
328060360582
432010363583
302060366584
326010369585
232060362586
382010365587
324060368588
032010361589
032003362590
362008365591
322003368592
832008361593
342003364594
320008367595
632003360596
322008363597
328003366598
432008369599
232003136600
382008436601
324003736602
032008036603
362003336604
322008636605
832003936606
342008236607
320003536608
632008836609
632000936610
322500236611
328000536612
432500836613
302000136614
326500436615
232000736616
382500036617
324000336618
032500636619
032070736620
362020036621
322070336622
832020636623
342070936624
320020236625
632070536626
322020836627
328070136628
432020436629
432004536630
302009836631
326004136632
232009436633
382004736634
324009036635
032004336636
362009636637
322004936638
832009236639
832100336640
342600636641
320100936642
632600236643
322100536644
328600836645
432100136646
302600436647
326100736648
232600036649
232080136650
382030436651
324080736652
032030036653
362080336654
322030636655
832080936656
342030236657
320080536658
632030836659
632005936660
322000236661
328005536662
432000836663
302005136664
326000436665
232005736666
382000036667
324005336668
032000636669
032200736670
362700036671
322200336672
832700636673
342200936674
320700236675
632200536676
322700836677
328200136678
432700436679
432090536680
302040836681
326090136682
232040436683
382090736684
324040036685
032090336686
362040636687
322090936688
832040236689
832006336690
342001636691
320006936692
632001236693
322006536694
328001836695
432006136696
302001436697
326006736698
232001036699
032006326700
362001356701
322006386702
832001316703
342006346704
320001376705
632006306706
322001336707
328006366708
432001396709
432300306710
302800336711
326300366712
232800396713
382300326714
324800356715
032300386716
362800316717
322300346718
832800376719
832000386720
342050316721
320000346722
632050376723
322000306724
328050336725
432000366726
302050396727
326000326728
232050356729
232007366730
382002396731
324007326732
032002356733
362007386734
322002316735
832007346736
342002376737
320007306738
632002336739
632400346740
322900376741
328400306742
432900336743
302400366744
326900396745
232400326746
382900356747
324400386748
032900316749
032010326750
362060356751
322010386752
832060316753
342010346754
320060376755
632010306756
322060336757
328010366758
432060396759
432008306760
302003336761
326008366762
232003396763
382008326764
324003356765
032008386766
362003316767
322008346768
832003376769
832500386770
342000316771
320500346772
632000376773
322500306774
328000336775
432500366776
302000396777
326500326778
232000356779
232020366780
382070396781
324020326782
032070356783
362020386784
322070316785
832020346786
342070376787
320020306788
632070336789
632009346790
322004376791
328009306792
432004336793
302009366794
326004396795
232009326796
382004356797
324009386798
032004316799
832009363800
342004366801
320009369802
632004362803
322009365804
328004368805
432009361806
302004364807
326009367808
232004360809
232600361810
382100364811
324600367812
032100360813
362600363814
322100366815
832600369816
342100362817
320600365818
632100368819
632030369820
322080362821
328030365822
432080368823
302030361824
326080364825
232030367826
382080360827
324030363828
032080366829
032000367830
362005360831
322000363832
832005366833
342000369834
320005362835
632000365836
322005368837
328000361838
432005364839
432700365840
302200368841
326700361842
232200364843
382700367844
324200360845
032700363846
362200366847
322700369848
832200362849
832040363850
342090366851
320040369852
632090362853
322040365854
328090368855
432040361856
302090364857
326040367858
232090360859
232001361860
382006364861
324001367862
032006360863
362001363864
322006366865
832001369866
342006362867
320001365868
632006368869
632800369870
322300362871
328800365872
432300368873
302800361874
326300364875
232800367876
382300360877
324800363878
032300366879
032050367880
362000360881
322050363882
832000366883
342050369884
320000362885
632050365886
322000368887
328050361888
432000364889
432002365890
302007368891
326002361892
232007364893
382002367894
324007360895
032002363896
362007366897
322002369898
832007362899
632002436900
322007736901
328002036902
432007336903
302002636904
326007936905
232002236906
382007536907
324002836908
032007136909
032900236910
362400536911
322900836912
832400136913
342900436914
320400736915
632900036916
322400336917
328900636918
432400936919
432060036920
302010336921
326060636922
232010936923
382060236924
324010536925
032060836926
362010136927
322060436928
832010736929
832003836930
342008136931
320003436932
632008736933
322003036934
328008336935
432003636936
302008936937
326003236938
232008536939
232000636940
382500936941
324000236942
032500536943
362000836944
322500136945
832000436946
342500736947
320000036948
632500336949
632070436950
322020736951
328070036952
432020336953
302070636954
326020936955
232070236956
382020536957
324070836958
032020136959
032004236960
362009536961
322004836962
832009136963
342004436964
320009736965
632004036966
322009336967
328004636968
432009936969
432100036970
302600336971
326100636972
232600936973
382100236974
324600536975
032100836976
362600136977
322100436978
832600736979
832080836980
342030136981
320080436982
632030736983
322080036984
328030336985
432080636986
302030936987
326080236988
232030536989
232005636990
382000936991
324005236992
032000536993
362005836994
322000136995
832005436996
342000736997
320005036998
632000336999
632004137000