341800237001
310850230002
631800233003
321850236004
318800239005
431850232006
301800235007
316850238008
231800231009
231802232010
381807235011
314802238012
031807231013
361802234014
312807237015
831802230016
341807233017
310802236018
631807239019
631980230020
321480233021
318980236022
431480239023
301980232024
316480235025
231980238026
381480231027
314980234028
031480237029
031860238030
361810231031
312860234032
831810237033
341860230034
310810233035
631860236036
321810239037
318860232038
431810235039
431803236040
301808239041
316803232042
231808235043
381803238044
314808231045
031803234046
361808237047
312803230048
831808233049
831080234050
341580237051
310080230052
631580233053
321080236054
318580239055
431080232056
301580235057
316080238058
231580231059
231870232060
381820235061
314870238062
031820231063
361870234064
312820237065
831870230066
341820233067
310870236068
631820239069
631804230070
321809233071
318804236072
431809239073
301804232074
316809235075
231804238076
381809231077
314804234078
031809237079
031180238080
361680231081
312180234082
831680237083
341180230084
310680233085
631180236086
321680239087
318180232088
431680235089
431880236090
301830239091
316880232092
231830235093
381880238094
314830231095
031880234096
361830237097
312880230098
831830233099
631880523100
321830823101
318880123102
431830423103
301880723104
316830023105
231880323106
381830623107
314880923108
031830223109
031805323110
361800623111
312805923112
831800223113
341805523114
310800823115
631805123116
321800423117
318805723118
431800023119
431280123120
301780423121
316280723122
231780023123
381280323124
314780623125
031280923126
361780223127
312280523128
831780823129
831890923130
341840223131
310890523132
631840823133
321890123134
318840423135
431890723136
301840023137
316890323138
231840623139
231806723140
381801023141
314806323142
031801623143
361806923144
312801223145
831806523146
341801823147
310806123148
631801423149
631380523150
321880823151
318380123152
431880423153
301380723154
316880023155
231380323156
381880623157
314380923158
031880223159
031800323160
361850623161
312800923162
831850223163
341800523164
310850823165
631800123166
321850423167
318800723168
431850023169
431807123170
301802423171
316807723172
231802023173
381807323174
314802623175
031807923176
361802223177
312807523178
831802823179
831480923180
341980223181
310480523182
631980823183
321480123184
318980423185
431480723186
301980023187
316480323188
231980623189
231810723190
381860023191
314810323192
031860623193
361810923194
312860223195
831810523196
341860823197
310810123198
631860423199
431810263200
301860293201
316810223202
231860253203
381810283204
314860213205
031810243206
361860273207
312810203208
831860233209
831808243210
341803273211
310808203212
631803233213
321808263214
318803293215
431808223216
301803253217
316808283218
231803213219
231580223220
381080253221
314580283222
031080213223
361580243224
312080273225
831580203226
341080233227
310580263228
631080293229
631820203230
321870233231
318820263232
431870293233
301820223234
316870253235
231820283236
381870213237
314820243238
031870273239
031809283240
361804213241
312809243242
831804273243
341809203244
310804233245
631809263246
321804293247
318809223248
431804253249
431680263250
301180293251
316680223252
231180253253
381680283254
314180213255
031680243256
361180273257
312680203258
831180233259
831830243260
341880273261
310830203262
631880233263
321830263264
318880293265
431830223266
301880253267
316830283268
231880213269
231800223270
381805253271
314800283272
031805213273
361800243274
312805273275
831800203276
341805233277
310800263278
631805293279
631780203280
321280233281
318780263282
431280293283
301780223284
316280253285
231780283286
381280213287
314780243288
031280273289
031840283290
361890213291
312840243292
831890273293
341840203294
310890233295
631840263296
321890293297
318840223298
431890253299
231840237300
381890230301
314840233302
031890236303
361840239304
312890232305
831840235306
341890238307
310840231308
631890234309
631801235310
321806238311
318801231312
431806234313
301801237314
316806230315
231801233316
381806236317
314801239318
031806232319
031880233320
361380236321
312880239322
831380232323
341880235324
310380238325
631880231326
321380234327
318880237328
431380230329
431850231330
301800234331
316850237332
231800230333
381850233334
314800236335
031850239336
361800232337
312850235338
831800238339
831802239340
341807232341
310802235342
631807238343
321802231344
318807234345
431802237346
301807230347
316802233348
231807236349
231980237350
381480230351
314980233352
031480236353
361980239354
312480232355
831980235356
341480238357
310980231358
631480234359
631860235360
321810238361
318860231362
431810234363
301860237364
316810230365
231860233366
381810236367
314860239368
031810232369
031803233370
361808236371
312803239372
831808232373
341803235374
310808238375
631803231376
321808234377
318803237378
431808230379
431080231380
301580234381
316080237382
231580230383
381080233384
314580236385
031080239386
361580232387
312080235388
831580238389
831870239390
341820232391
310870235392
631820238393
321870231394
318820234395
431870237396
301820230397
316870233398
231820236399
031870823400
361820123401
312870423402
831820723403
341870023404
310820323405
631870623406
321820923407
318870223408
431820523409
431804623410
301809923411
316804223412
231809523413
381804823414
314809123415
031804423416
361809723417
312804023418
831809323419
831180423420
341680723421
310180023422
631680323423
321180623424
318680923425
431180223426
301680523427
316180823428
231680123429
231880223430
381830523431
314880823432
031830123433
361880423434
312830723435
831880023436
341830323437
310880623438
631830923439
631805023440
321800323441
318805623442
431800923443
301805223444
316800523445
231805823446
381800123447
314805423448
031800723449
031280823450
361780123451
312280423452
831780723453
341280023454
310780323455
631280623456
321780923457
318280223458
431780523459
431890623460
301840923461
316890223462
231840523463
381890823464
314840123465
031890423466
361840723467
312890023468
831840323469
831806423470
341801723471
310806023472
631801323473
321806623474
318801923475
431806223476
301801523477
316806823478
231801123479
231380223480
381880523481
314380823482
031880123483
361380423484
312880723485
831380023486
341880323487
310380623488
631880923489
631800023490
321850323491
318800623492
431850923493
301800223494
316850523495
231800823496
381850123497
314800423498
031850723499
831800293500
341850223501
310800253502
631850283503
321800213504
318850243505
431800273506
301850203507
316800233508
231850263509
231807273510
381802203511
314807233512
031802263513
361807293514
312802223515
831807253516
341802283517
310807213518
631802243519
631480253520
321980283521
318480213522
431980243523
301480273524
316980203525
231480233526
381980263527
314480293528
031980223529
031810233530
361860263531
312810293532
831860223533
341810253534
310860283535
631810213536
321860243537
318810273538
431860203539
431808213540
301803243541
316808273542
231803203543
381808233544
314803263545
031808293546
361803223547
312808253548
831803283549
831580293550
341080223551
310580253552
631080283553
321580213554
318080243555
431580273556
301080203557
316580233558
231080263559
231820273560
381870203561
314820233562
031870263563
361820293564
312870223565
831820253566
341870283567
310820213568
631870243569
631809253570
321804283571
318809213572
431804243573
301809273574
316804203575
231809233576
381804263577
314809293578
031804223579
031680233580
361180263581
312680293582
831180223583
341680253584
310180283585
631680213586
321180243587
318680273588
431180203589
431830213590
301880243591
316830273592
231880203593
381830233594
314880263595
031830293596
361880223597
312830253598
831880283599
631830230600
321880233601
318830236602
431880239603
301830232604
316880235605
231830238606
381880231607
314830234608
031880237609
031800238610
361805231611
312800234612
831805237613
341800230614
310805233615
631800236616
321805239617
318800232618
431805235619
431780236620
301280239621
316780232622
231280235623
381780238624
314280231625
031780234626
361280237627
312780230628
831280233629
831840234630
341890237631
310840230632
631890233633
321840236634
318890239635
431840232636
301890235637
316840238638
231890231639
231801232640
381806235641
314801238642
031806231643
361801234644
312806237645
831801230646
341806233647
310801236648
631806239649
631880230650
321380233651
318880236652
431380239653
301880232654
316380235655
231880238656
381380231657
314880234658
031380237659
031850238660
361800231661
312850234662
831800237663
341850230664
310800233665
631850236666
321800239667
318850232668
431800235669
431802236670
301807239671
316802232672
231807235673
381802238674
314807231675
031802234676
361807237677
312802230678
831807233679
831980234680
341480237681
310980230682
631480233683
321980236684
318480239685
431980232686
301480235687
316980238688
231480231689
231860232690
381810235691
314860238692
031810231693
361860234694
312810237695
831860230696
341810233697
310860236698
631810239699
431860123700
301810423701
316860723702
231810023703
381860323704
314810623705
031860923706
361810223707
312860523708
831810823709
831803923710
341808223711
310803523712
631808823713
321803123714
318808423715
431803723716
301808023717
316803323718
231808623719
231080723720
381580023721
314080323722
031580623723
361080923724
312580223725
831080523726
341580823727
310080123728
631580423729
631870523730
321820823731
318870123732
431820423733
301870723734
316820023735
231870323736
381820623737
314870923738
031820223739
031804323740
361809623741
312804923742
831809223743
341804523744
310809823745
631804123746
321809423747
318804723748
431809023749
431180123750
301680423751
316180723752
231680023753
381180323754
314680623755
031180923756
361680223757
312180523758
831680823759
831880923760
341830223761
310880523762
631830823763
321880123764
318830423765
431880723766
301830023767
316880323768
231830623769
231805723770
381800023771
314805323772
031800623773
361805923774
312800223775
831805523776
341800823777
310805123778
631800423779
631280523780
321780823781
318280123782
431780423783
301280723784
316780023785
231280323786
381780623787
314280923788
031780223789
031890323790
361840623791
312890923792
831840223793
341890523794
310840823795
631890123796
321840423797
318890723798
431840023799
231890223800
381840253801
314890283802
031840213803
361890243804
312840273805
831890203806
341840233807
310890263808
631840293809
631806203810
321801233811
318806263812
431801293813
301806223814
316801253815
231806283816
381801213817
314806243818
031801273819
031380283820
361880213821
312380243822
831880273823
341380203824
310880233825
631380263826
321880293827
318380223828
431880253829
431800263830
301850293831
316800223832
231850253833
381800283834
314850213835
031800243836
361850273837
312800203838
831850233839
831807243840
341802273841
310807203842
631802233843
321807263844
318802293845
431807223846
301802253847
316807283848
231802213849
231480223850
381980253851
314480283852
031980213853
361480243854
312980273855
831480203856
341980233857
310480263858
631980293859
631810203860
321860233861
318810263862
431860293863
301810223864
316860253865
231810283866
381860213867
314810243868
031860273869
031808283870
361803213871
312808243872
831803273873
341808203874
310803233875
631808263876
321803293877
318808223878
431803253879
431580263880
301080293881
316580223882
231080253883
381580283884
314080213885
031580243886
361080273887
312580203888
831080233889
831820243890
341870273891
310820203892
631870233893
321820263894
318870293895
431820223896
301870253897
316820283898
231870213899
031820233900
361870236901
312820239902
831870232903
341820235904
310870238905
631820231906
321870234907
318820237908
431870230909
431809231910
301804234911
316809237912
231804230913
381809233914
314804236915
031809239916
361804232917
312809235918
831804238919
831680239920
341180232921
310680235922
631180238923
321680231924
318180234925
431680237926
301180230927
316680233928
231180236929
231830237930
381880230931
314830233932
031880236933
361830239934
312880232935
831830235936
341880238937
310830231938
631880234939
631800235940
321805238941
318800231942
431805234943
301800237944
316805230945
231800233946
381805236947
314800239948
031805232949
031780233950
361280236951
312780239952
831280232953
341780235954
310280238955
631780231956
321280234957
318780237958
431280230959
431840231960
301890234961
316840237962
231890230963
381840233964
314890236965
031840239966
361890232967
312840235968
831890238969
831801239970
341806232971
310801235972
631806238973
321801231974
318806234975
431801237976
301806230977
316801233978
231806236979
231880237980
381380230981
314880233982
031380236983
361880239984
312380232985
831880235986
341380238987
310880231988
631380234989
631850235990
321800238991
318850231992
431800234993
301850237994
316800230995
231850233996
381800236997
314850239998
031800232999
031840240000