302007651001
326002951002
232007251003
382002551004
324007851005
032002151006
362007451007
322002751008
832007051009
832900151010
342400451011
320900751012
632400051013
322900351014
328400651015
432900951016
302400251017
326900551018
232400851019
232060951020
382010251021
324060551022
032010851023
362060151024
322010451025
832060751026
342010051027
320060351028
632010651029
632003751030
322008051031
328003351032
432008651033
302003951034
326008251035
232003551036
382008851037
324003151038
032008451039
032000551040
362500851041
322000151042
832500451043
342000751044
320500051045
632000351046
322500651047
328000951048
432500251049
432070351050
302020651051
326070951052
232020251053
382070551054
324020851055
032070151056
362020451057
322070751058
832020051059
832004151060
342009451061
320004751062
632009051063
322004351064
328009651065
432004951066
302009251067
326004551068
232009851069
232100951070
382600251071
324100551072
032600851073
362100151074
322600451075
832100751076
342600051077
320100351078
632600651079
632080751080
322030051081
328080351082
432030651083
302080951084
326030251085
232080551086
382030851087
324080151088
032030451089
032005551090
362000851091
322005151092
832000451093
342005751094
320000051095
632005351096
322000651097
328005951098
432000251099
232005541100
382000571101
324005501102
032000531103
362005561104
322000591105
832005521106
342000551107
320005581108
632000511109
632200521110
322700551111
328200581112
432700511113
302200541114
326700571115
232200501116
382700531117
324200561118
032700591119
032090501120
362040531121
322090561122
832040591123
342090521124
320040551125
632090581126
322040511127
328090541128
432040571129
432006581130
302001511131
326006541132
232001571133
382006501134
324001531135
032006561136
362001591137
322006521138
832001551139
832300561140
342800591141
320300521142
632800551143
322300581144
328800511145
432300541146
302800571147
326300501148
232800531149
232000541150
382050571151
324000501152
032050531153
362000561154
322050591155
832000521156
342050551157
320000581158
632050511159
632007521160
322002551161
328007581162
432002511163
302007541164
326002571165
232007501166
382002531167
324007561168
032002591169
032400501170
362900531171
322400561172
832900591173
342400521174
320900551175
632400581176
322900511177
328400541178
432900571179
432010581180
302060511181
326010541182
232060571183
382010501184
324060531185
032010561186
362060591187
322010521188
832060551189
832008561190
342003591191
320008521192
632003551193
322008581194
328003511195
432008541196
302003571197
326008501198
232003531199
032008515200
362003518201
322008511202
832003514203
342008517204
320003510205
632008513206
322003516207
328008519208
432003512209
432500513210
302000516211
326500519212
232000512213
382500515214
324000518215
032500511216
362000514217
322500517218
832000510219
832020511220
342070514221
320020517222
632070510223
322020513224
328070516225
432020519226
302070512227
326020515228
232070518229
232009519230
382004512231
324009515232
032004518233
362009511234
322004514235
832009517236
342004510237
320009513238
632004516239
632600517240
322100510241
328600513242
432100516243
302600519244
326100512245
232600515246
382100518247
324600511248
032100514249
032030515250
362080518251
322030511252
832080514253
342030517254
320080510255
632030513256
322080516257
328030519258
432080512259
432000513260
302005516261
326000519262
232005512263
382000515264
324005518265
032000511266
362005514267
322000517268
832005510269
832700511270
342200514271
320700517272
632200510273
322700513274
328200516275
432700519276
302200512277
326700515278
232200518279
232040519280
382090512281
324040515282
032090518283
362040511284
322090514285
832040517286
342090510287
320040513288
632090516289
632001517290
322006510291
328001513292
432006516293
302001519294
326006512295
232001515296
382006518297
324001511298
032006514299
832001651300
342006951301
320001251302
632006551303
322001851304
328006151305
432001451306
302006751307
326001051308
232006351309
232800451310
382300751311
324800051312
032300351313
362800651314
322300951315
832800251316
342300551317
320800851318
632300151319
632050251320
322000551321
328050851322
432000151323
302050451324
326000751325
232050051326
382000351327
324050651328
032000951329
032002051330
362007351331
322002651332
832007951333
342002251334
320007551335
632002851336
322007151337
328002451338
432007751339
432900851340
302400151341
326900451342
232400751343
382900051344
324400351345
032900651346
362400951347
322900251348
832400551349
832060651350
342010951351
320060251352
632010551353
322060851354
328010151355
432060451356
302010751357
326060051358
232010351359
232003451360
382008751361
324003051362
032008351363
362003651364
322008951365
832003251366
342008551367
320003851368
632008151369
632000251370
322500551371
328000851372
432500151373
302000451374
326500751375
232000051376
382500351377
324000651378
032500951379
032070051380
362020351381
322070651382
832020951383
342070251384
320020551385
632070851386
322020151387
328070451388
432020751389
432004851390
302009151391
326004451392
232009751393
382004051394
324009351395
032004651396
362009951397
322004251398
832009551399
632004571400
322009501401
328004531402
432009561403
302004591404
326009521405
232004551406
382009581407
324004511408
032009541409
032100551410
362600581411
322100511412
832600541413
342100571414
320600501415
632100531416
322600561417
328100591418
432600521419
432080531420
302030561421
326080591422
232030521423
382080551424
324030581425
032080511426
362030541427
322080571428
832030501429
832005511430
342000541431
320005571432
632000501433
322005531434
328000561435
432005591436
302000521437
326005551438
232000581439
232200591440
382700521441
324200551442
032700581443
362200511444
322700541445
832200571446
342700501447
320200531448
632700561449
632090571450
322040501451
328090531452
432040561453
302090591454
326040521455
232090551456
382040581457
324090511458
032040541459
032006551460
362001581461
322006511462
832001541463
342006571464
320001501465
632006531466
322001561467
328006591468
432001521469
432300531470
302800561471
326300591472
232800521473
382300551474
324800581475
032300511476
362800541477
322300571478
832800501479
832000511480
342050541481
320000571482
632050501483
322000531484
328050561485
432000591486
302050521487
326000551488
232050581489
232007591490
382002521491
324007551492
032002581493
362007511494
322002541495
832007571496
342002501497
320007531498
632002561499
432007518500
302002511501
326007514502
232002517503
382007510504
324002513505
032007516506
362002519507
322007512508
832002515509
832400516510
342900519511
320400512512
632900515513
322400518514
328900511515
432400514516
302900517517
326400510518
232900513519
232010514520
382060517521
324010510522
032060513523
362010516524
322060519525
832010512526
342060515527
320010518528
632060511529
632008512530
322003515531
328008518532
432003511533
302008514534
326003517535
232008510536
382003513537
324008516538
032003519539
032500510540
362000513541
322500516542
832000519543
342500512544
320000515545
632500518546
322000511547
328500514548
432000517549
432020518550
302070511551
326020514552
232070517553
382020510554
324070513555
032020516556
362070519557
322020512558
832070515559
832009516560
342004519561
320009512562
632004515563
322009518564
328004511565
432009514566
302004517567
326009510568
232004513569
232600514570
382100517571
324600510572
032100513573
362600516574
322100519575
832600512576
342100515577
320600518578
632100511579
632030512580
322080515581
328030518582
432080511583
302030514584
326080517585
232030510586
382080513587
324030516588
032080519589
032000510590
362005513591
322000516592
832005519593
342000512594
320005515595
632000518596
322005511597
328000514598
432005517599
232000951600
382005251601
324000551602
032005851603
362000151604
322005451605
832000751606
342005051607
320000351608
632005651609
632700751610
322200051611
328700351612
432200651613
302700951614
326200251615
232700551616
382200851617
324700151618
032200451619
032040551620
362090851621
322040151622
832090451623
342040751624
320090051625
632040351626
322090651627
328040951628
432090251629
432001351630
302006651631
326001951632
232006251633
382001551634
324006851635
032001151636
362006451637
322001751638
832006051639
832800151640
342300451641
320800751642
632300051643
322800351644
328300651645
432800951646
302300251647
326800551648
232300851649
232050951650
382000251651
324050551652
032000851653
362050151654
322000451655
832050751656
342000051657
320050351658
632000651659
632002751660
322007051661
328002351662
432007651663
302002951664
326007251665
232002551666
382007851667
324002151668
032007451669
032900551670
362400851671
322900151672
832400451673
342900751674
320400051675
632900351676
322400651677
328900951678
432400251679
432060351680
302010651681
326060951682
232010251683
382060551684
324010851685
032060151686
362010451687
322060751688
832010051689
832003151690
342008451691
320003751692
632008051693
322003351694
328008651695
432003951696
302008251697
326003551698
232008851699
032003501700
362008531701
322003561702
832008591703
342003521704
320008551705
632003581706
322008511707
328003541708
432008571709
432000581710
302500511711
326000541712
232500571713
382000501714
324500531715
032000561716
362500591717
322000521718
832500551719
832070561720
342020591721
320070521722
632020551723
322070581724
328020511725
432070541726
302020571727
326070501728
232020531729
232004541730
382009571731
324004501732
032009531733
362004561734
322009591735
832004521736
342009551737
320004581738
632009511739
632100521740
322600551741
328100581742
432600511743
302100541744
326600571745
232100501746
382600531747
324100561748
032600591749
032080501750
362030531751
322080561752
832030591753
342080521754
320030551755
632080581756
322030511757
328080541758
432030571759
432005581760
302000511761
326005541762
232000571763
382005501764
324000531765
032005561766
362000591767
322005521768
832000551769
832200561770
342700591771
320200521772
632700551773
322200581774
328700511775
432200541776
302700571777
326200501778
232700531779
232090541780
382040571781
324090501782
032040531783
362090561784
322040591785
832090521786
342040551787
320090581788
632040511789
632006521790
322001551791
328006581792
432001511793
302006541794
326001571795
232006501796
382001531797
324006561798
032001591799
832006511800
342001514801
320006517802
632001510803
322006513804
328001516805
432006519806
302001512807
326006515808
232001518809
232300519810
382800512811
324300515812
032800518813
362300511814
322800514815
832300517816
342800510817
320300513818
632800516819
632000517820
322050510821
328000513822
432050516823
302000519824
326050512825
232000515826
382050518827
324000511828
032050514829
032007515830
362002518831
322007511832
832002514833
342007517834
320002510835
632007513836
322002516837
328007519838
432002512839
432400513840
302900516841
326400519842
232900512843
382400515844
324900518845
032400511846
362900514847
322400517848
832900510849
832010511850
342060514851
320010517852
632060510853
322010513854
328060516855
432010519856
302060512857
326010515858
232060518859
232008519860
382003512861
324008515862
032003518863
362008511864
322003514865
832008517866
342003510867
320008513868
632003516869
632500517870
322000510871
328500513872
432000516873
302500519874
326000512875
232500515876
382000518877
324500511878
032000514879
032020515880
362070518881
322020511882
832070514883
342020517884
320070510885
632020513886
322070516887
328020519888
432070512889
432009513890
302004516891
326009519892
232004512893
382009515894
324004518895
032009511896
362004514897
322009517898
832004510899
632009251900
322004551901
328009851902
432004151903
302009451904
326004751905
232009051906
382004351907
324009651908
032004951909
032600051910
362100351911
322600651912
832100951913
342600251914
320100551915
632600851916
322100151917
328600451918
432100751919
432030851920
302080151921
326030451922
232080751923
382030051924
324080351925
032030651926
362080951927
322030251928
832080551929
832000651930
342005951931
320000251932
632005551933
322000851934
328005151935
432000451936
302005751937
326000051938
232005351939
232700451940
382200751941
324700051942
032200351943
362700651944
322200951945
832700251946
342200551947
320700851948
632200151949
632040251950
322090551951
328040851952
432090151953
302040451954
326090751955
232040051956
382090351957
324040651958
032090951959
032001051960
362006351961
322001651962
832006951963
342001251964
320006551965
632001851966
322006151967
328001451968
432006751969
432800851970
302300151971
326800451972
232300751973
382800051974
324300351975
032800651976
362300951977
322800251978
832300551979
832050651980
342000951981
320050251982
632000551983
322050851984
328000151985
432050451986
302000751987
326050051988
232000351989
232002451990
382007751991
324002051992
032007351993
362002651994
322007951995
832002251996
342007551997
320002851998
632007151999
632001952000