342003033001
320008333002
632003633003
322008933004
328003233005
432008533006
302003833007
326008133008
232003433009
232500533010
382000833011
324500133012
032000433013
362500733014
322000033015
832500333016
342000633017
320500933018
632000233019
632020333020
322070633021
328020933022
432070233023
302020533024
326070833025
232020133026
382070433027
324020733028
032070033029
032009133030
362004433031
322009733032
832004033033
342009333034
320004633035
632009933036
322004233037
328009533038
432004833039
432600933040
302100233041
326600533042
232100833043
382600133044
324100433045
032600733046
362100033047
322600333048
832100633049
832030733050
342080033051
320030333052
632080633053
322030933054
328080233055
432030533056
302080833057
326030133058
232080433059
232000533060
382005833061
324000133062
032005433063
362000733064
322005033065
832000333066
342005633067
320000933068
632005233069
632700333070
322200633071
328700933072
432200233073
302700533074
326200833075
232700133076
382200433077
324700733078
032200033079
032040133080
362090433081
322040733082
832090033083
342040333084
320090633085
632040933086
322090233087
328040533088
432090833089
432001933090
302006233091
326001533092
232006833093
382001133094
324006433095
032001733096
362006033097
322001333098
832006633099
632001383100
322006313101
328001343102
432006373103
302001303104
326006333105
232001363106
382006393107
324001323108
032006353109
032800363110
362300393111
322800323112
832300353113
342800383114
320300313115
632800343116
322300373117
328800303118
432300333119
432050343120
302000373121
326050303122
232000333123
382050363124
324000393125
032050323126
362000353127
322050383128
832000313129
832002323130
342007353131
320002383132
632007313133
322002343134
328007373135
432002303136
302007333137
326002363138
232007393139
232900303140
382400333141
324900363142
032400393143
362900323144
322400353145
832900383146
342400313147
320900343148
632400373149
632060383150
322010313151
328060343152
432010373153
302060303154
326010333155
232060363156
382010393157
324060323158
032010353159
032003363160
362008393161
322003323162
832008353163
342003383164
320008313165
632003343166
322008373167
328003303168
432008333169
432000343170
302500373171
326000303172
232500333173
382000363174
324500393175
032000323176
362500353177
322000383178
832500313179
832070323180
342020353181
320070383182
632020313183
322070343184
328020373185
432070303186
302020333187
326070363188
232020393189
232004303190
382009333191
324004363192
032009393193
362004323194
322009353195
832004383196
342009313197
320004343198
632009373199
432004339200
302009332201
326004335202
232009338203
382004331204
324009334205
032004337206
362009330207
322004333208
832009336209
832100337210
342600330211
320100333212
632600336213
322100339214
328600332215
432100335216
302600338217
326100331218
232600334219
232080335220
382030338221
324080331222
032030334223
362080337224
322030330225
832080333226
342030336227
320080339228
632030332229
632005333230
322000336231
328005339232
432000332233
302005335234
326000338235
232005331236
382000334237
324005337238
032000330239
032200331240
362700334241
322200337242
832700330243
342200333244
320700336245
632200339246
322700332247
328200335248
432700338249
432090339250
302040332251
326090335252
232040338253
382090331254
324040334255
032090337256
362040330257
322090333258
832040336259
832006337260
342001330261
320006333262
632001336263
322006339264
328001332265
432006335266
302001338267
326006331268
232001334269
232300335270
382800338271
324300331272
032800334273
362300337274
322800330275
832300333276
342800336277
320300339278
632800332279
632000333280
322050336281
328000339282
432050332283
302000335284
326050338285
232000331286
382050334287
324000337288
032050330289
032007331290
362002334291
322007337292
832002330293
342007333294
320002336295
632007339296
322002332297
328007335298
432002338299
232007033300
382002333301
324007633302
032002933303
362007233304
322002533305
832007833306
342002133307
320007433308
632002733309
632400833310
322900133311
328400433312
432900733313
302400033314
326900333315
232400633316
382900933317
324400233318
032900533319
032010633320
362060933321
322010233322
832060533323
342010833324
320060133325
632010433326
322060733327
328010033328
432060333329
432008433330
302003733331
326008033332
232003333333
382008633334
324003933335
032008233336
362003533337
322008833338
832003133339
832500233340
342000533341
320500833342
632000133343
322500433344
328000733345
432500033346
302000333347
326500633348
232000933349
232020033350
382070333351
324020633352
032070933353
362020233354
322070533355
832020833356
342070133357
320020433358
632070733359
632009833360
322004133361
328009433362
432004733363
302009033364
326004333365
232009633366
382004933367
324009233368
032004533369
032600633370
362100933371
322600233372
832100533373
342600833374
320100133375
632600433376
322100733377
328600033378
432100333379
432030433380
302080733381
326030033382
232080333383
382030633384
324080933385
032030233386
362080533387
322030833388
832080133389
832000233390
342005533391
320000833392
632005133393
322000433394
328005733395
432000033396
302005333397
326000633398
232005933399
032000313400
362005343401
322000373402
832005303403
342000333404
320005363405
632000393406
322005323407
328000353408
432005383409
432700393410
302200323411
326700353412
232200383413
382700313414
324200343415
032700373416
362200303417
322700333418
832200363419
832040373420
342090303421
320040333422
632090363423
322040393424
328090323425
432040353426
302090383427
326040313428
232090343429
232001353430
382006383431
324001313432
032006343433
362001373434
322006303435
832001333436
342006363437
320001393438
632006323439
632800333440
322300363441
328800393442
432300323443
302800353444
326300383445
232800313446
382300343447
324800373448
032300303449
032050313450
362000343451
322050373452
832000303453
342050333454
320000363455
632050393456
322000323457
328050353458
432000383459
432002393460
302007323461
326002353462
232007383463
382002313464
324007343465
032002373466
362007303467
322002333468
832007363469
832900373470
342400303471
320900333472
632400363473
322900393474
328400323475
432900353476
302400383477
326900313478
232400343479
232060353480
382010383481
324060313482
032010343483
362060373484
322010303485
832060333486
342010363487
320060393488
632010323489
632003333490
322008363491
328003393492
432008323493
302003353494
326008383495
232003313496
382008343497
324003373498
032008303499
832003332500
342008335501
320003338502
632008331503
322003334504
328008337505
432003330506
302008333507
326003336508
232008339509
232000330510
382500333511
324000336512
032500339513
362000332514
322500335515
832000338516
342500331517
320000334518
632500337519
632070338520
322020331521
328070334522
432020337523
302070330524
326020333525
232070336526
382020339527
324070332528
032020335529
032004336530
362009339531
322004332532
832009335533
342004338534
320009331535
632004334536
322009337537
328004330538
432009333539
432100334540
302600337541
326100330542
232600333543
382100336544
324600339545
032100332546
362600335547
322100338548
832600331549
832080332550
342030335551
320080338552
632030331553
322080334554
328030337555
432080330556
302030333557
326080336558
232030339559
232005330560
382000333561
324005336562
032000339563
362005332564
322000335565
832005338566
342000331567
320005334568
632000337569
632200338570
322700331571
328200334572
432700337573
302200330574
326700333575
232200336576
382700339577
324200332578
032700335579
032090336580
362040339581
322090332582
832040335583
342090338584
320040331585
632090334586
322040337587
328090330588
432040333589
432006334590
302001337591
326006330592
232001333593
382006336594
324001339595
032006332596
362001335597
322006338598
832001331599
632006333600
322001633601
328006933602
432001233603
302006533604
326001833605
232006133606
382001433607
324006733608
032001033609
032300133610
362800433611
322300733612
832800033613
342300333614
320800633615
632300933616
322800233617
328300533618
432800833619
432000933620
302050233621
326000533622
232050833623
382000133624
324050433625
032000733626
362050033627
322000333628
832050633629
832007733630
342002033631
320007333632
632002633633
322007933634
328002233635
432007533636
302002833637
326007133638
232002433639
232400533640
382900833641
324400133642
032900433643
362400733644
322900033645
832400333646
342900633647
320400933648
632900233649
632010333650
322060633651
328010933652
432060233653
302010533654
326060833655
232010133656
382060433657
324010733658
032060033659
032008133660
362003433661
322008733662
832003033663
342008333664
320003633665
632008933666
322003233667
328008533668
432003833669
432500933670
302000233671
326500533672
232000833673
382500133674
324000433675
032500733676
362000033677
322500333678
832000633679
832020733680
342070033681
320020333682
632070633683
322020933684
328070233685
432020533686
302070833687
326020133688
232070433689
232009533690
382004833691
324009133692
032004433693
362009733694
322004033695
832009333696
342004633697
320009933698
632004233699
432009343700
302004373701
326009303702
232004333703
382009363704
324004393705
032009323706
362004353707
322009383708
832004313709
832600323710
342100353711
320600383712
632100313713
322600343714
328100373715
432600303716
302100333717
326600363718
232100393719
232030303720
382080333721
324030363722
032080393723
362030323724
322080353725
832030383726
342080313727
320030343728
632080373729
632000383730
322005313731
328000343732
432005373733
302000303734
326005333735
232000363736
382005393737
324000323738
032005353739
032700363740
362200393741
322700323742
832200353743
342700383744
320200313745
632700343746
322200373747
328700303748
432200333749
432040343750
302090373751
326040303752
232090333753
382040363754
324090393755
032040323756
362090353757
322040383758
832090313759
832001323760
342006353761
320001383762
632006313763
322001343764
328006373765
432001303766
302006333767
326001363768
232006393769
232800303770
382300333771
324800363772
032300393773
362800323774
322300353775
832800383776
342300313777
320800343778
632300373779
632050383780
322000313781
328050343782
432000373783
302050303784
326000333785
232050363786
382000393787
324050323788
032000353789
032002363790
362007393791
322002323792
832007353793
342002383794
320007313795
632002343796
322007373797
328002303798
432007333799
232002335800
382007338801
324002331802
032007334803
362002337804
322007330805
832002333806
342007336807
320002339808
632007332809
632900333810
322400336811
328900339812
432400332813
302900335814
326400338815
232900331816
382400334817
324900337818
032400330819
032060331820
362010334821
322060337822
832010330823
342060333824
320010336825
632060339826
322010332827
328060335828
432010338829
432003339830
302008332831
326003335832
232008338833
382003331834
324008334835
032003337836
362008330837
322003333838
832008336839
832000337840
342500330841
320000333842
632500336843
322000339844
328500332845
432000335846
302500338847
326000331848
232500334849
232070335850
382020338851
324070331852
032020334853
362070337854
322020330855
832070333856
342020336857
320070339858
632020332859
632004333860
322009336861
328004339862
432009332863
302004335864
326009338865
232004331866
382009334867
324004337868
032009330869
032100331870
362600334871
322100337872
832600330873
342100333874
320600336875
632100339876
322600332877
328100335878
432600338879
432080339880
302030332881
326080335882
232030338883
382080331884
324030334885
032080337886
362030330887
322080333888
832030336889
832005337890
342000330891
320005333892
632000336893
322005339894
328000332895
432005335896
302000338897
326005331898
232000334899
032005633900
362000933901
322005233902
832000533903
342005833904
320000133905
632005433906
322000733907
328005033908
432000333909
432200433910
302700733911
326200033912
232700333913
382200633914
324700933915
032200233916
362700533917
322200833918
832700133919
832090233920
342040533921
320090833922
632040133923
322090433924
328040733925
432090033926
302040333927
326090633928
232040933929
232006033930
382001333931
324006633932
032001933933
362006233934
322001533935
832006833936
342001133937
320006433938
632001733939
632300833940
322800133941
328300433942
432800733943
302300033944
326800333945
232300633946
382800933947
324300233948
032800533949
032000633950
362050933951
322000233952
832050533953
342000833954
320050133955
632000433956
322050733957
328000033958
432050333959
432007433960
302002733961
326007033962
232002333963
382007633964
324002933965
032007233966
362002533967
322007833968
832002133969
832400233970
342900533971
320400833972
632900133973
322400433974
328900733975
432400033976
302900333977
326400633978
232900933979
232010033980
382060333981
324010633982
032060933983
362010233984
322060533985
832010833986
342060133987
320010433988
632060733989
632008833990
322003133991
328008433992
432003733993
302008033994
326003333995
232008633996
382003933997
324008233998
032003533999
032007334000