312003044001
327008344002
332003644003
392008944004
325003244005
132008544006
372003844007
323008144008
932003444009
932500544010
352000844011
321500144012
732000444013
332500744014
329000044015
532500344016
312000644017
327500944018
332000244019
332020344020
392070644021
325020944022
132070244023
372020544024
323070844025
932020144026
352070444027
321020744028
732070044029
732009144030
332004444031
329009744032
532004044033
312009344034
327004644035
332009944036
392004244037
325009544038
132004844039
132600944040
372100244041
323600544042
932100844043
352600144044
321100444045
732600744046
332100044047
329600344048
532100644049
532030744050
312080044051
327030344052
332080644053
392030944054
325080244055
132030544056
372080844057
323030144058
932080444059
932000544060
352005844061
321000144062
732005444063
332000744064
329005044065
532000344066
312005644067
327000944068
332005244069
332700344070
392200644071
325700944072
132200244073
372700544074
323200844075
932700144076
352200444077
321700744078
732200044079
732040144080
332090444081
329040744082
532090044083
312040344084
327090644085
332040944086
392090244087
325040544088
132090844089
132001944090
372006244091
323001544092
932006844093
352001144094
321006444095
732001744096
332006044097
329001344098
532006644099
332001484100
392006414101
325001444102
132006474103
372001404104
323006434105
932001464106
352006494107
321001424108
732006454109
732800464110
332300494111
329800424112
532300454113
312800484114
327300414115
332800444116
392300474117
325800404118
132300434119
132050444120
372000474121
323050404122
932000434123
352050464124
321000494125
732050424126
332000454127
329050484128
532000414129
532002424130
312007454131
327002484132
332007414133
392002444134
325007474135
132002404136
372007434137
323002464138
932007494139
932900404140
352400434141
321900464142
732400494143
332900424144
329400454145
532900484146
312400414147
327900444148
332400474149
332060484150
392010414151
325060444152
132010474153
372060404154
323010434155
932060464156
352010494157
321060424158
732010454159
732003464160
332008494161
329003424162
532008454163
312003484164
327008414165
332003444166
392008474167
325003404168
132008434169
132000444170
372500474171
323000404172
932500434173
352000464174
321500494175
732000424176
332500454177
329000484178
532500414179
532070424180
312020454181
327070484182
332020414183
392070444184
325020474185
132070404186
372020434187
323070464188
932020494189
932004404190
352009434191
321004464192
732009494193
332004424194
329009454195
532004484196
312009414197
327004444198
332009474199
132004449200
372009442201
323004445202
932009448203
352004441204
321009444205
732004447206
332009440207
329004443208
532009446209
532100447210
312600440211
327100443212
332600446213
392100449214
325600442215
132100445216
372600448217
323100441218
932600444219
932080445220
352030448221
321080441222
732030444223
332080447224
329030440225
532080443226
312030446227
327080449228
332030442229
332005443230
392000446231
325005449232
132000442233
372005445234
323000448235
932005441236
352000444237
321005447238
732000440239
732200441240
332700444241
329200447242
532700440243
312200443244
327700446245
332200449246
392700442247
325200445248
132700448249
132090449250
372040442251
323090445252
932040448253
352090441254
321040444255
732090447256
332040440257
329090443258
532040446259
532006447260
312001440261
327006443262
332001446263
392006449264
325001442265
132006445266
372001448267
323006441268
932001444269
932300445270
352800448271
321300441272
732800444273
332300447274
329800440275
532300443276
312800446277
327300449278
332800442279
332000443280
392050446281
325000449282
132050442283
372000445284
323050448285
932000441286
352050444287
321000447288
732050440289
732007441290
332002444291
329007447292
532002440293
312007443294
327002446295
332007449296
392002442297
325007445298
132002448299
932007044300
352002344301
321007644302
732002944303
332007244304
329002544305
532007844306
312002144307
327007444308
332002744309
332400844310
392900144311
325400444312
132900744313
372400044314
323900344315
932400644316
352900944317
321400244318
732900544319
732010644320
332060944321
329010244322
532060544323
312010844324
327060144325
332010444326
392060744327
325010044328
132060344329
132008444330
372003744331
323008044332
932003344333
352008644334
321003944335
732008244336
332003544337
329008844338
532003144339
532500244340
312000544341
327500844342
332000144343
392500444344
325000744345
132500044346
372000344347
323500644348
932000944349
932020044350
352070344351
321020644352
732070944353
332020244354
329070544355
532020844356
312070144357
327020444358
332070744359
332009844360
392004144361
325009444362
132004744363
372009044364
323004344365
932009644366
352004944367
321009244368
732004544369
732600644370
332100944371
329600244372
532100544373
312600844374
327100144375
332600444376
392100744377
325600044378
132100344379
132030444380
372080744381
323030044382
932080344383
352030644384
321080944385
732030244386
332080544387
329030844388
532080144389
532000244390
312005544391
327000844392
332005144393
392000444394
325005744395
132000044396
372005344397
323000644398
932005944399
732000414400
332005444401
329000474402
532005404403
312000434404
327005464405
332000494406
392005424407
325000454408
132005484409
132700494410
372200424411
323700454412
932200484413
352700414414
321200444415
732700474416
332200404417
329700434418
532200464419
532040474420
312090404421
327040434422
332090464423
392040494424
325090424425
132040454426
372090484427
323040414428
932090444429
932001454430
352006484431
321001414432
732006444433
332001474434
329006404435
532001434436
312006464437
327001494438
332006424439
332800434440
392300464441
325800494442
132300424443
372800454444
323300484445
932800414446
352300444447
321800474448
732300404449
732050414450
332000444451
329050474452
532000404453
312050434454
327000464455
332050494456
392000424457
325050454458
132000484459
132002494460
372007424461
323002454462
932007484463
352002414464
321007444465
732002474466
332007404467
329002434468
532007464469
532900474470
312400404471
327900434472
332400464473
392900494474
325400424475
132900454476
372400484477
323900414478
932400444479
932060454480
352010484481
321060414482
732010444483
332060474484
329010404485
532060434486
312010464487
327060494488
332010424489
332003434490
392008464491
325003494492
132008424493
372003454494
323008484495
932003414496
352008444497
321003474498
732008404499
532003442500
312008445501
327003448502
332008441503
392003444504
325008447505
132003440506
372008443507
323003446508
932008449509
932000440510
352500443511
321000446512
732500449513
332000442514
329500445515
532000448516
312500441517
327000444518
332500447519
332070448520
392020441521
325070444522
132020447523
372070440524
323020443525
932070446526
352020449527
321070442528
732020445529
732004446530
332009449531
329004442532
532009445533
312004448534
327009441535
332004444536
392009447537
325004440538
132009443539
132100444540
372600447541
323100440542
932600443543
352100446544
321600449545
732100442546
332600445547
329100448548
532600441549
532080442550
312030445551
327080448552
332030441553
392080444554
325030447555
132080440556
372030443557
323080446558
932030449559
932005440560
352000443561
321005446562
732000449563
332005442564
329000445565
532005448566
312000441567
327005444568
332000447569
332200448570
392700441571
325200444572
132700447573
372200440574
323700443575
932200446576
352700449577
321200442578
732700445579
732090446580
332040449581
329090442582
532040445583
312090448584
327040441585
332090444586
392040447587
325090440588
132040443589
132006444590
372001447591
323006440592
932001443593
352006446594
321001449595
732006442596
332001445597
329006448598
532001441599
332006344600
392001644601
325006944602
132001244603
372006544604
323001844605
932006144606
352001444607
321006744608
732001044609
732300144610
332800444611
329300744612
532800044613
312300344614
327800644615
332300944616
392800244617
325300544618
132800844619
132000944620
372050244621
323000544622
932050844623
352000144624
321050444625
732000744626
332050044627
329000344628
532050644629
532007744630
312002044631
327007344632
332002644633
392007944634
325002244635
132007544636
372002844637
323007144638
932002444639
932400544640
352900844641
321400144642
732900444643
332400744644
329900044645
532400344646
312900644647
327400944648
332900244649
332010344650
392060644651
325010944652
132060244653
372010544654
323060844655
932010144656
352060444657
321010744658
732060044659
732008144660
332003444661
329008744662
532003044663
312008344664
327003644665
332008944666
392003244667
325008544668
132003844669
132500944670
372000244671
323500544672
932000844673
352500144674
321000444675
732500744676
332000044677
329500344678
532000644679
532020744680
312070044681
327020344682
332070644683
392020944684
325070244685
132020544686
372070844687
323020144688
932070444689
932009544690
352004844691
321009144692
732004444693
332009744694
329004044695
532009344696
312004644697
327009944698
332004244699
132009444700
372004474701
323009404702
932004434703
352009464704
321004494705
732009424706
332004454707
329009484708
532004414709
532600424710
312100454711
327600484712
332100414713
392600444714
325100474715
132600404716
372100434717
323600464718
932100494719
932030404720
352080434721
321030464722
732080494723
332030424724
329080454725
532030484726
312080414727
327030444728
332080474729
332000484730
392005414731
325000444732
132005474733
372000404734
323005434735
932000464736
352005494737
321000424738
732005454739
732700464740
332200494741
329700424742
532200454743
312700484744
327200414745
332700444746
392200474747
325700404748
132200434749
132040444750
372090474751
323040404752
932090434753
352040464754
321090494755
732040424756
332090454757
329040484758
532090414759
532001424760
312006454761
327001484762
332006414763
392001444764
325006474765
132001404766
372006434767
323001464768
932006494769
932800404770
352300434771
321800464772
732300494773
332800424774
329300454775
532800484776
312300414777
327800444778
332300474779
332050484780
392000414781
325050444782
132000474783
372050404784
323000434785
932050464786
352000494787
321050424788
732000454789
732002464790
332007494791
329002424792
532007454793
312002484794
327007414795
332002444796
392007474797
325002404798
132007434799
932002445800
352007448801
321002441802
732007444803
332002447804
329007440805
532002443806
312007446807
327002449808
332007442809
332900443810
392400446811
325900449812
132400442813
372900445814
323400448815
932900441816
352400444817
321900447818
732400440819
732060441820
332010444821
329060447822
532010440823
312060443824
327010446825
332060449826
392010442827
325060445828
132010448829
132003449830
372008442831
323003445832
932008448833
352003441834
321008444835
732003447836
332008440837
329003443838
532008446839
532000447840
312500440841
327000443842
332500446843
392000449844
325500442845
132000445846
372500448847
323000441848
932500444849
932070445850
352020448851
321070441852
732020444853
332070447854
329020440855
532070443856
312020446857
327070449858
332020442859
332004443860
392009446861
325004449862
132009442863
372004445864
323009448865
932004441866
352009444867
321004447868
732009440869
732100441870
332600444871
329100447872
532600440873
312100443874
327600446875
332100449876
392600442877
325100445878
132600448879
132080449880
372030442881
323080445882
932030448883
352080441884
321030444885
732080447886
332030440887
329080443888
532030446889
532005447890
312000440891
327005443892
332000446893
392005449894
325000442895
132005445896
372000448897
323005441898
932000444899
732005644900
332000944901
329005244902
532000544903
312005844904
327000144905
332005444906
392000744907
325005044908
132000344909
132200444910
372700744911
323200044912
932700344913
352200644914
321700944915
732200244916
332700544917
329200844918
532700144919
532090244920
312040544921
327090844922
332040144923
392090444924
325040744925
132090044926
372040344927
323090644928
932040944929
932006044930
352001344931
321006644932
732001944933
332006244934
329001544935
532006844936
312001144937
327006444938
332001744939
332300844940
392800144941
325300444942
132800744943
372300044944
323800344945
932300644946
352800944947
321300244948
732800544949
732000644950
332050944951
329000244952
532050544953
312000844954
327050144955
332000444956
392050744957
325000044958
132050344959
132007444960
372002744961
323007044962
932002344963
352007644964
321002944965
732007244966
332002544967
329007844968
532002144969
532400244970
312900544971
327400844972
332900144973
392400444974
325900744975
132400044976
372900344977
323400644978
932900944979
932010044980
352060344981
321010644982
732060944983
332010244984
329060544985
532010844986
312060144987
327010444988
332060744989
332008844990
392003144991
325008444992
132003744993
372008044994
323003344995
932008644996
352003944997
321008244998
732003544999
732007345000