381830209001
314880202002
031830205003
361880208004
312830201005
831880204006
341830207007
310880200008
631830203009
631805204010
321800207011
318805200012
431800203013
301805206014
316800209015
231805202016
381800205017
314805208018
031800201019
031280202020
361780205021
312280208022
831780201023
341280204024
310780207025
631280200026
321780203027
318280206028
431780209029
431890200030
301840203031
316890206032
231840209033
381890202034
314840205035
031890208036
361840201037
312890204038
831840207039
831806208040
341801201041
310806204042
631801207043
321806200044
318801203045
431806206046
301801209047
316806202048
231801205049
231380206050
381880209051
314380202052
031880205053
361380208054
312880201055
831380204056
341880207057
310380200058
631880203059
631800204060
321850207061
318800200062
431850203063
301800206064
316850209065
231800202066
381850205067
314800208068
031850201069
031807202070
361802205071
312807208072
831802201073
341807204074
310802207075
631807200076
321802203077
318807206078
431802209079
431480200080
301980203081
316480206082
231980209083
381480202084
314980205085
031480208086
361980201087
312480204088
831980207089
831810208090
341860201091
310810204092
631860207093
321810200094
318860203095
431810206096
301860209097
316810202098
231860205099
031810720100
361860020101
312810320102
831860620103
341810920104
310860220105
631810520106
321860820107
318810120108
431860420109
431808520110
301803820111
316808120112
231803420113
381808720114
314803020115
031808320116
361803620117
312808920118
831803220119
831580320120
341080620121
310580920122
631080220123
321580520124
318080820125
431580120126
301080420127
316580720128
231080020129
231820120130
381870420131
314820720132
031870020133
361820320134
312870620135
831820920136
341870220137
310820520138
631870820139
631809920140
321804220141
318809520142
431804820143
301809120144
316804420145
231809720146
381804020147
314809320148
031804620149
031680720150
361180020151
312680320152
831180620153
341680920154
310180220155
631680520156
321180820157
318680120158
431180420159
431830520160
301880820161
316830120162
231880420163
381830720164
314880020165
031830320166
361880620167
312830920168
831880220169
831800320170
341805620171
310800920172
631805220173
321800520174
318805820175
431800120176
301805420177
316800720178
231805020179
231780120180
381280420181
314780720182
031280020183
361780320184
312280620185
831780920186
341280220187
310780520188
631280820189
631840920190
321890220191
318840520192
431890820193
301840120194
316890420195
231840720196
381890020197
314840320198
031890620199
831840280200
341890210201
310840240202
631890270203
321840200204
318890230205
431840260206
301890290207
316840220208
231890250209
231801260210
381806290211
314801220212
031806250213
361801280214
312806210215
831801240216
341806270217
310801200218
631806230219
631880240220
321380270221
318880200222
431380230223
301880260224
316380290225
231880220226
381380250227
314880280228
031380210229
031850220230
361800250231
312850280232
831800210233
341850240234
310800270235
631850200236
321800230237
318850260238
431800290239
431802200240
301807230241
316802260242
231807290243
381802220244
314807250245
031802280246
361807210247
312802240248
831807270249
831980280250
341480210251
310980240252
631480270253
321980200254
318480230255
431980260256
301480290257
316980220258
231480250259
231860260260
381810290261
314860220262
031810250263
361860280264
312810210265
831860240266
341810270267
310860200268
631810230269
631803240270
321808270271
318803200272
431808230273
301803260274
316808290275
231803220276
381808250277
314803280278
031808210279
031080220280
361580250281
312080280282
831580210283
341080240284
310580270285
631080200286
321580230287
318080260288
431580290289
431870200290
301820230291
316870260292
231820290293
381870220294
314820250295
031870280296
361820210297
312870240298
831820270299
631870209300
321820202301
318870205302
431820208303
301870201304
316820204305
231870207306
381820200307
314870203308
031820206309
031804207310
361809200311
312804203312
831809206313
341804209314
310809202315
631804205316
321809208317
318804201318
431809204319
431180205320
301680208321
316180201322
231680204323
381180207324
314680200325
031180203326
361680206327
312180209328
831680202329
831880203330
341830206331
310880209332
631830202333
321880205334
318830208335
431880201336
301830204337
316880207338
231830200339
231805201340
381800204341
314805207342
031800200343
361805203344
312800206345
831805209346
341800202347
310805205348
631800208349
631280209350
321780202351
318280205352
431780208353
301280201354
316780204355
231280207356
381780200357
314280203358
031780206359
031890207360
361840200361
312890203362
831840206363
341890209364
310840202365
631890205366
321840208367
318890201368
431840204369
431806205370
301801208371
316806201372
231801204373
381806207374
314801200375
031806203376
361801206377
312806209378
831801202379
831380203380
341880206381
310380209382
631880202383
321380205384
318880208385
431380201386
301880204387
316380207388
231880200389
231800201390
381850204391
314800207392
031850200393
361800203394
312850206395
831800209396
341850202397
310800205398
631850208399
431800020400
301850320401
316800620402
231850920403
381800220404
314850520405
031800820406
361850120407
312800420408
831850720409
831807820410
341802120411
310807420412
631802720413
321807020414
318802320415
431807620416
301802920417
316807220418
231802520419
231480620420
381980920421
314480220422
031980520423
361480820424
312980120425
831480420426
341980720427
310480020428
631980320429
631810420430
321860720431
318810020432
431860320433
301810620434
316860920435
231810220436
381860520437
314810820438
031860120439
031808220440
361803520441
312808820442
831803120443
341808420444
310803720445
631808020446
321803320447
318808620448
431803920449
431580020450
301080320451
316580620452
231080920453
381580220454
314080520455
031580820456
361080120457
312580420458
831080720459
831820820460
341870120461
310820420462
631870720463
321820020464
318870320465
431820620466
301870920467
316820220468
231870520469
231809620470
381804920471
314809220472
031804520473
361809820474
312804120475
831809420476
341804720477
310809020478
631804320479
631680420480
321180720481
318680020482
431180320483
301680620484
316180920485
231680220486
381180520487
314680820488
031180120489
031830220490
361880520491
312830820492
831880120493
341830420494
310880720495
631830020496
321880320497
318830620498
431880920499
231830210500
381880240501
314830270502
031880200503
361830230504
312880260505
831830290506
341880220507
310830250508
631880280509
631800290510
321805220511
318800250512
431805280513
301800210514
316805240515
231800270516
381805200517
314800230518
031805260519
031780270520
361280200521
312780230522
831280260523
341780290524
310280220525
631780250526
321280280527
318780210528
431280240529
431840250530
301890280531
316840210532
231890240533
381840270534
314890200535
031840230536
361890260537
312840290538
831890220539
831801230540
341806260541
310801290542
631806220543
321801250544
318806280545
431801210546
301806240547
316801270548
231806200549
231880210550
381380240551
314880270552
031380200553
361880230554
312380260555
831880290556
341380220557
310880250558
631380280559
631850290560
321800220561
318850250562
431800280563
301850210564
316800240565
231850270566
381800200567
314850230568
031800260569
031802270570
361807200571
312802230572
831807260573
341802290574
310807220575
631802250576
321807280577
318802210578
431807240579
431980250580
301480280581
316980210582
231480240583
381980270584
314480200585
031980230586
361480260587
312980290588
831480220589
831860230590
341810260591
310860290592
631810220593
321860250594
318810280595
431860210596
301810240597
316860270598
231810200599
031860202600
361810205601
312860208602
831810201603
341860204604
310810207605
631860200606
321810203607
318860206608
431810209609
431803200610
301808203611
316803206612
231808209613
381803202614
314808205615
031803208616
361808201617
312803204618
831808207619
831080208620
341580201621
310080204622
631580207623
321080200624
318580203625
431080206626
301580209627
316080202628
231580205629
231870206630
381820209631
314870202632
031820205633
361870208634
312820201635
831870204636
341820207637
310870200638
631820203639
631804204640
321809207641
318804200642
431809203643
301804206644
316809209645
231804202646
381809205647
314804208648
031809201649
031180202650
361680205651
312180208652
831680201653
341180204654
310680207655
631180200656
321680203657
318180206658
431680209659
431880200660
301830203661
316880206662
231830209663
381880202664
314830205665
031880208666
361830201667
312880204668
831830207669
831805208670
341800201671
310805204672
631800207673
321805200674
318800203675
431805206676
301800209677
316805202678
231800205679
231280206680
381780209681
314280202682
031780205683
361280208684
312780201685
831280204686
341780207687
310280200688
631780203689
631890204690
321840207691
318890200692
431840203693
301890206694
316840209695
231890202696
381840205697
314890208698
031840201699
831890320700
341840620701
310890920702
631840220703
321890520704
318840820705
431890120706
301840420707
316890720708
231840020709
231806120710
381801420711
314806720712
031801020713
361806320714
312801620715
831806920716
341801220717
310806520718
631801820719
631380920720
321880220721
318380520722
431880820723
301380120724
316880420725
231380720726
381880020727
314380320728
031880620729
031800720730
361850020731
312800320732
831850620733
341800920734
310850220735
631800520736
321850820737
318800120738
431850420739
431807520740
301802820741
316807120742
231802420743
381807720744
314802020745
031807320746
361802620747
312807920748
831802220749
831480320750
341980620751
310480920752
631980220753
321480520754
318980820755
431480120756
301980420757
316480720758
231980020759
231810120760
381860420761
314810720762
031860020763
361810320764
312860620765
831810920766
341860220767
310810520768
631860820769
631808920770
321803220771
318808520772
431803820773
301808120774
316803420775
231808720776
381803020777
314808320778
031803620779
031580720780
361080020781
312580320782
831080620783
341580920784
310080220785
631580520786
321080820787
318580120788
431080420789
431820520790
301870820791
316820120792
231870420793
381820720794
314870020795
031820320796
361870620797
312820920798
831870220799
631820240800
321870270801
318820200802
431870230803
301820260804
316870290805
231820220806
381870250807
314820280808
031870210809
031809220810
361804250811
312809280812
831804210813
341809240814
310804270815
631809200816
321804230817
318809260818
431804290819
431680200820
301180230821
316680260822
231180290823
381680220824
314180250825
031680280826
361180210827
312680240828
831180270829
831830280830
341880210831
310830240832
631880270833
321830200834
318880230835
431830260836
301880290837
316830220838
231880250839
231800260840
381805290841
314800220842
031805250843
361800280844
312805210845
831800240846
341805270847
310800200848
631805230849
631780240850
321280270851
318780200852
431280230853
301780260854
316280290855
231780220856
381280250857
314780280858
031280210859
031840220860
361890250861
312840280862
831890210863
341840240864
310890270865
631840200866
321890230867
318840260868
431890290869
431801200870
301806230871
316801260872
231806290873
381801220874
314806250875
031801280876
361806210877
312801240878
831806270879
831880280880
341380210881
310880240882
631380270883
321880200884
318380230885
431880260886
301380290887
316880220888
231380250889
231850260890
381800290891
314850220892
031800250893
361850280894
312800210895
831850240896
341800270897
310850200898
631800230899
431850205900
301800208901
316850201902
231800204903
381850207904
314800200905
031850203906
361800206907
312850209908
831800202909
831802203910
341807206911
310802209912
631807202913
321802205914
318807208915
431802201916
301807204917
316802207918
231807200919
231980201920
381480204921
314980207922
031480200923
361980203924
312480206925
831980209926
341480202927
310980205928
631480208929
631860209930
321810202931
318860205932
431810208933
301860201934
316810204935
231860207936
381810200937
314860203938
031810206939
031803207940
361808200941
312803203942
831808206943
341803209944
310808202945
631803205946
321808208947
318803201948
431808204949
431080205950
301580208951
316080201952
231580204953
381080207954
314580200955
031080203956
361580206957
312080209958
831580202959
831870203960
341820206961
310870209962
631820202963
321870205964
318820208965
431870201966
301820204967
316870207968
231820200969
231804201970
381809204971
314804207972
031809200973
361804203974
312809206975
831804209976
341809202977
310804205978
631809208979
631180209980
321680202981
318180205982
431680208983
301180201984
316680204985
231180207986
381680200987
314180203988
031680206989
031880207990
361830200991
312880203992
831830206993
341880209994
310830202995
631880205996
321830208997
318880201998
431830204999
431870212000