392002623001
325007923002
132002223003
372007523004
323002823005
932007123006
352002423007
321007723008
732002023009
732400123010
332900423011
329400723012
532900023013
312400323014
327900623015
332400923016
392900223017
325400523018
132900823019
132010923020
372060223021
323010523022
932060823023
352010123024
321060423025
732010723026
332060023027
329010323028
532060623029
532008723030
312003023031
327008323032
332003623033
392008923034
325003223035
132008523036
372003823037
323008123038
932003423039
932500523040
352000823041
321500123042
732000423043
332500723044
329000023045
532500323046
312000623047
327500923048
332000223049
332020323050
392070623051
325020923052
132070223053
372020523054
323070823055
932020123056
352070423057
321020723058
732070023059
732009123060
332004423061
329009723062
532004023063
312009323064
327004623065
332009923066
392004223067
325009523068
132004823069
132600923070
372100223071
323600523072
932100823073
352600123074
321100423075
732600723076
332100023077
329600323078
532100623079
532030723080
312080023081
327030323082
332080623083
392030923084
325080223085
132030523086
372080823087
323030123088
932080423089
932000523090
352005823091
321000123092
732005423093
332000723094
329005023095
532000323096
312005623097
327000923098
332005223099
132000243100
372005273101
323000203102
932005233103
352000263104
321005293105
732000223106
332005253107
329000283108
532005213109
532700223110
312200253111
327700283112
332200213113
392700243114
325200273115
132700203116
372200233117
323700263118
932200293119
932040203120
352090233121
321040263122
732090293123
332040223124
329090253125
532040283126
312090213127
327040243128
332090273129
332001283130
392006213131
325001243132
132006273133
372001203134
323006233135
932001263136
352006293137
321001223138
732006253139
732800263140
332300293141
329800223142
532300253143
312800283144
327300213145
332800243146
392300273147
325800203148
132300233149
132050243150
372000273151
323050203152
932000233153
352050263154
321000293155
732050223156
332000253157
329050283158
532000213159
532002223160
312007253161
327002283162
332007213163
392002243164
325007273165
132002203166
372007233167
323002263168
932007293169
932900203170
352400233171
321900263172
732400293173
332900223174
329400253175
532900283176
312400213177
327900243178
332400273179
332060283180
392010213181
325060243182
132010273183
372060203184
323010233185
932060263186
352010293187
321060223188
732010253189
732003263190
332008293191
329003223192
532008253193
312003283194
327008213195
332003243196
392008273197
325003203198
132008233199
932003235200
352008238201
321003231202
732008234203
332003237204
329008230205
532003233206
312008236207
327003239208
332008232209
332000233210
392500236211
325000239212
132500232213
372000235214
323500238215
932000231216
352500234217
321000237218
732500230219
732070231220
332020234221
329070237222
532020230223
312070233224
327020236225
332070239226
392020232227
325070235228
132020238229
132004239230
372009232231
323004235232
932009238233
352004231234
321009234235
732004237236
332009230237
329004233238
532009236239
532100237240
312600230241
327100233242
332600236243
392100239244
325600232245
132100235246
372600238247
323100231248
932600234249
932080235250
352030238251
321080231252
732030234253
332080237254
329030230255
532080233256
312030236257
327080239258
332030232259
332005233260
392000236261
325005239262
132000232263
372005235264
323000238265
932005231266
352000234267
321005237268
732000230269
732200231270
332700234271
329200237272
532700230273
312200233274
327700236275
332200239276
392700232277
325200235278
132700238279
132090239280
372040232281
323090235282
932040238283
352090231284
321040234285
732090237286
332040230287
329090233288
532040236289
532006237290
312001230291
327006233292
332001236293
392006239294
325001232295
132006235296
372001238297
323006231298
932001234299
732006623300
332001923301
329006223302
532001523303
312006823304
327001123305
332006423306
392001723307
325006023308
132001323309
132300423310
372800723311
323300023312
932800323313
352300623314
321800923315
732300223316
332800523317
329300823318
532800123319
532000223320
312050523321
327000823322
332050123323
392000423324
325050723325
132000023326
372050323327
323000623328
932050923329
932007023330
352002323331
321007623332
732002923333
332007223334
329002523335
532007823336
312002123337
327007423338
332002723339
332400823340
392900123341
325400423342
132900723343
372400023344
323900323345
932400623346
352900923347
321400223348
732900523349
732010623350
332060923351
329010223352
532060523353
312010823354
327060123355
332010423356
392060723357
325010023358
132060323359
132008423360
372003723361
323008023362
932003323363
352008623364
321003923365
732008223366
332003523367
329008823368
532003123369
532500223370
312000523371
327500823372
332000123373
392500423374
325000723375
132500023376
372000323377
323500623378
932000923379
932020023380
352070323381
321020623382
732070923383
332020223384
329070523385
532020823386
312070123387
327020423388
332070723389
332009823390
392004123391
325009423392
132004723393
372009023394
323004323395
932009623396
352004923397
321009223398
732004523399
532009273400
312004203401
327009233402
332004263403
392009293404
325004223405
132009253406
372004283407
323009213408
932004243409
932600253410
352100283411
321600213412
732100243413
332600273414
329100203415
532600233416
312100263417
327600293418
332100223419
332030233420
392080263421
325030293422
132080223423
372030253424
323080283425
932030213426
352080243427
321030273428
732080203429
732000213430
332005243431
329000273432
532005203433
312000233434
327005263435
332000293436
392005223437
325000253438
132005283439
132700293440
372200223441
323700253442
932200283443
352700213444
321200243445
732700273446
332200203447
329700233448
532200263449
532040273450
312090203451
327040233452
332090263453
392040293454
325090223455
132040253456
372090283457
323040213458
932090243459
932001253460
352006283461
321001213462
732006243463
332001273464
329006203465
532001233466
312006263467
327001293468
332006223469
332800233470
392300263471
325800293472
132300223473
372800253474
323300283475
932800213476
352300243477
321800273478
732300203479
732050213480
332000243481
329050273482
532000203483
312050233484
327000263485
332050293486
392000223487
325050253488
132000283489
132002293490
372007223491
323002253492
932007283493
352002213494
321007243495
732002273496
332007203497
329002233498
532007263499
332002238500
392007231501
325002234502
132007237503
372002230504
323007233505
932002236506
352007239507
321002232508
732007235509
732900236510
332400239511
329900232512
532400235513
312900238514
327400231515
332900234516
392400237517
325900230518
132400233519
132060234520
372010237521
323060230522
932010233523
352060236524
321010239525
732060232526
332010235527
329060238528
532010231529
532003232530
312008235531
327003238532
332008231533
392003234534
325008237535
132003230536
372008233537
323003236538
932008239539
932000230540
352500233541
321000236542
732500239543
332000232544
329500235545
532000238546
312500231547
327000234548
332500237549
332070238550
392020231551
325070234552
132020237553
372070230554
323020233555
932070236556
352020239557
321070232558
732020235559
732004236560
332009239561
329004232562
532009235563
312004238564
327009231565
332004234566
392009237567
325004230568
132009233569
132100234570
372600237571
323100230572
932600233573
352100236574
321600239575
732100232576
332600235577
329100238578
532600231579
532080232580
312030235581
327080238582
332030231583
392080234584
325030237585
132080230586
372030233587
323080236588
932030239589
932005230590
352000233591
321005236592
732000239593
332005232594
329000235595
532005238596
312000231597
327005234598
332000237599
132005923600
372000223601
323005523602
932000823603
352005123604
321000423605
732005723606
332000023607
329005323608
532000623609
532200723610
312700023611
327200323612
332700623613
392200923614
325700223615
132200523616
372700823617
323200123618
932700423619
932090523620
352040823621
321090123622
732040423623
332090723624
329040023625
532090323626
312040623627
327090923628
332040223629
332006323630
392001623631
325006923632
132001223633
372006523634
323001823635
932006123636
352001423637
321006723638
732001023639
732300123640
332800423641
329300723642
532800023643
312300323644
327800623645
332300923646
392800223647
325300523648
132800823649
132000923650
372050223651
323000523652
932050823653
352000123654
321050423655
732000723656
332050023657
329000323658
532050623659
532007723660
312002023661
327007323662
332002623663
392007923664
325002223665
132007523666
372002823667
323007123668
932002423669
932400523670
352900823671
321400123672
732900423673
332400723674
329900023675
532400323676
312900623677
327400923678
332900223679
332010323680
392060623681
325010923682
132060223683
372010523684
323060823685
932010123686
352060423687
321010723688
732060023689
732008123690
332003423691
329008723692
532003023693
312008323694
327003623695
332008923696
392003223697
325008523698
132003823699
932008203700
352003233701
321008263702
732003293703
332008223704
329003253705
532008283706
312003213707
327008243708
332003273709
332500283710
392000213711
325500243712
132000273713
372500203714
323000233715
932500263716
352000293717
321500223718
732000253719
732020263720
332070293721
329020223722
532070253723
312020283724
327070213725
332020243726
392070273727
325020203728
132070233729
132009243730
372004273731
323009203732
932004233733
352009263734
321004293735
732009223736
332004253737
329009283738
532004213739
532600223740
312100253741
327600283742
332100213743
392600243744
325100273745
132600203746
372100233747
323600263748
932100293749
932030203750
352080233751
321030263752
732080293753
332030223754
329080253755
532030283756
312080213757
327030243758
332080273759
332000283760
392005213761
325000243762
132005273763
372000203764
323005233765
932000263766
352005293767
321000223768
732005253769
732700263770
332200293771
329700223772
532200253773
312700283774
327200213775
332700243776
392200273777
325700203778
132200233779
132040243780
372090273781
323040203782
932090233783
352040263784
321090293785
732040223786
332090253787
329040283788
532090213789
532001223790
312006253791
327001283792
332006213793
392001243794
325006273795
132001203796
372006233797
323001263798
932006293799
732001231800
332006234801
329001237802
532006230803
312001233804
327006236805
332001239806
392006232807
325001235808
132006238809
132800239810
372300232811
323800235812
932300238813
352800231814
321300234815
732800237816
332300230817
329800233818
532300236819
532050237820
312000230821
327050233822
332000236823
392050239824
325000232825
132050235826
372000238827
323050231828
932000234829
932002235830
352007238831
321002231832
732007234833
332002237834
329007230835
532002233836
312007236837
327002239838
332007232839
332900233840
392400236841
325900239842
132400232843
372900235844
323400238845
932900231846
352400234847
321900237848
732400230849
732060231850
332010234851
329060237852
532010230853
312060233854
327010236855
332060239856
392010232857
325060235858
132010238859
132003239860
372008232861
323003235862
932008238863
352003231864
321008234865
732003237866
332008230867
329003233868
532008236869
532000237870
312500230871
327000233872
332500236873
392000239874
325500232875
132000235876
372500238877
323000231878
932500234879
932070235880
352020238881
321070231882
732020234883
332070237884
329020230885
532070233886
312020236887
327070239888
332020232889
332004233890
392009236891
325004239892
132009232893
372004235894
323009238895
932004231896
352009234897
321004237898
732009230899
532004223900
312009523901
327004823902
332009123903
392004423904
325009723905
132004023906
372009323907
323004623908
932009923909
932100023910
352600323911
321100623912
732600923913
332100223914
329600523915
532100823916
312600123917
327100423918
332600723919
332080823920
392030123921
325080423922
132030723923
372080023924
323030323925
932080623926
352030923927
321080223928
732030523929
732005623930
332000923931
329005223932
532000523933
312005823934
327000123935
332005423936
392000723937
325005023938
132000323939
132200423940
372700723941
323200023942
932700323943
352200623944
321700923945
732200223946
332700523947
329200823948
532700123949
532090223950
312040523951
327090823952
332040123953
392090423954
325040723955
132090023956
372040323957
323090623958
932040923959
932006023960
352001323961
321006623962
732001923963
332006223964
329001523965
532006823966
312001123967
327006423968
332001723969
332300823970
392800123971
325300423972
132800723973
372300023974
323800323975
932300623976
352800923977
321300223978
732800523979
732000623980
332050923981
329000223982
532050523983
312000823984
327050123985
332000423986
392050723987
325000023988
132050323989
132007423990
372002723991
323007023992
932002323993
352007623994
321002923995
732007223996
332002523997
329007823998
532002123999
532006924000