382004410001
324009710002
032004010003
362009310004
322004610005
832009910006
342004210007
320009510008
632004810009
632600910010
322100210011
328600510012
432100810013
302600110014
326100410015
232600710016
382100010017
324600310018
032100610019
032030710020
362080010021
322030310022
832080610023
342030910024
320080210025
632030510026
322080810027
328030110028
432080410029
432000510030
302005810031
326000110032
232005410033
382000710034
324005010035
032000310036
362005610037
322000910038
832005210039
832700310040
342200610041
320700910042
632200210043
322700510044
328200810045
432700110046
302200410047
326700710048
232200010049
232040110050
382090410051
324040710052
032090010053
362040310054
322090610055
832040910056
342090210057
320040510058
632090810059
632001910060
322006210061
328001510062
432006810063
302001110064
326006410065
232001710066
382006010067
324001310068
032006610069
032800710070
362300010071
322800310072
832300610073
342800910074
320300210075
632800510076
322300810077
328800110078
432300410079
432050510080
302000810081
326050110082
232000410083
382050710084
324000010085
032050310086
362000610087
322050910088
832000210089
832002310090
342007610091
320002910092
632007210093
322002510094
328007810095
432002110096
302007410097
326002710098
232007010099
032002120100
362007150101
322002180102
832007110103
342002140104
320007170105
632002100106
322007130107
328002160108
432007190109
432900100110
302400130111
326900160112
232400190113
382900120114
324400150115
032900180116
362400110117
322900140118
832400170119
832060180120
342010110121
320060140122
632010170123
322060100124
328010130125
432060160126
302010190127
326060120128
232010150129
232003160130
382008190131
324003120132
032008150133
362003180134
322008110135
832003140136
342008170137
320003100138
632008130139
632000140140
322500170141
328000100142
432500130143
302000160144
326500190145
232000120146
382500150147
324000180148
032500110149
032070120150
362020150151
322070180152
832020110153
342070140154
320020170155
632070100156
322020130157
328070160158
432020190159
432004100160
302009130161
326004160162
232009190163
382004120164
324009150165
032004180166
362009110167
322004140168
832009170169
832100180170
342600110171
320100140172
632600170173
322100100174
328600130175
432100160176
302600190177
326100120178
232600150179
232080160180
382030190181
324080120182
032030150183
362080180184
322030110185
832080140186
342030170187
320080100188
632030130189
632005140190
322000170191
328005100192
432000130193
302005160194
326000190195
232005120196
382000150197
324005180198
032000110199
832005103200
342000106201
320005109202
632000102203
322005105204
328000108205
432005101206
302000104207
326005107208
232000100209
232200101210
382700104211
324200107212
032700100213
362200103214
322700106215
832200109216
342700102217
320200105218
632700108219
632090109220
322040102221
328090105222
432040108223
302090101224
326040104225
232090107226
382040100227
324090103228
032040106229
032006107230
362001100231
322006103232
832001106233
342006109234
320001102235
632006105236
322001108237
328006101238
432001104239
432300105240
302800108241
326300101242
232800104243
382300107244
324800100245
032300103246
362800106247
322300109248
832800102249
832000103250
342050106251
320000109252
632050102253
322000105254
328050108255
432000101256
302050104257
326000107258
232050100259
232007101260
382002104261
324007107262
032002100263
362007103264
322002106265
832007109266
342002102267
320007105268
632002108269
632400109270
322900102271
328400105272
432900108273
302400101274
326900104275
232400107276
382900100277
324400103278
032900106279
032010107280
362060100281
322010103282
832060106283
342010109284
320060102285
632010105286
322060108287
328010101288
432060104289
432008105290
302003108291
326008101292
232003104293
382008107294
324003100295
032008103296
362003106297
322008109298
832003102299
632008410300
322003710301
328008010302
432003310303
302008610304
326003910305
232008210306
382003510307
324008810308
032003110309
032500210310
362000510311
322500810312
832000110313
342500410314
320000710315
632500010316
322000310317
328500610318
432000910319
432020010320
302070310321
326020610322
232070910323
382020210324
324070510325
032020810326
362070110327
322020410328
832070710329
832009810330
342004110331
320009410332
632004710333
322009010334
328004310335
432009610336
302004910337
326009210338
232004510339
232600610340
382100910341
324600210342
032100510343
362600810344
322100110345
832600410346
342100710347
320600010348
632100310349
632030410350
322080710351
328030010352
432080310353
302030610354
326080910355
232030210356
382080510357
324030810358
032080110359
032000210360
362005510361
322000810362
832005110363
342000410364
320005710365
632000010366
322005310367
328000610368
432005910369
432700010370
302200310371
326700610372
232200910373
382700210374
324200510375
032700810376
362200110377
322700410378
832200710379
832040810380
342090110381
320040410382
632090710383
322040010384
328090310385
432040610386
302090910387
326040210388
232090510389
232001610390
382006910391
324001210392
032006510393
362001810394
322006110395
832001410396
342006710397
320001010398
632006310399
432001150400
302006180401
326001110402
232006140403
382001170404
324006100405
032001130406
362006160407
322001190408
832006120409
832800130410
342300160411
320800190412
632300120413
322800150414
328300180415
432800110416
302300140417
326800170418
232300100419
232050110420
382000140421
324050170422
032000100423
362050130424
322000160425
832050190426
342000120427
320050150428
632000180429
632002190430
322007120431
328002150432
432007180433
302002110434
326007140435
232002170436
382007100437
324002130438
032007160439
032900170440
362400100441
322900130442
832400160443
342900190444
320400120445
632900150446
322400180447
328900110448
432400140449
432060150450
302010180451
326060110452
232010140453
382060170454
324010100455
032060130456
362010160457
322060190458
832010120459
832003130460
342008160461
320003190462
632008120463
322003150464
328008180465
432003110466
302008140467
326003170468
232008100469
232000110470
382500140471
324000170472
032500100473
362000130474
322500160475
832000190476
342500120477
320000150478
632500180479
632070190480
322020120481
328070150482
432020180483
302070110484
326020140485
232070170486
382020100487
324070130488
032020160489
032004170490
362009100491
322004130492
832009160493
342004190494
320009120495
632004150496
322009180497
328004110498
432009140499
232004106500
382009109501
324004102502
032009105503
362004108504
322009101505
832004104506
342009107507
320004100508
632009103509
632100104510
322600107511
328100100512
432600103513
302100106514
326600109515
232100102516
382600105517
324100108518
032600101519
032080102520
362030105521
322080108522
832030101523
342080104524
320030107525
632080100526
322030103527
328080106528
432030109529
432005100530
302000103531
326005106532
232000109533
382005102534
324000105535
032005108536
362000101537
322005104538
832000107539
832200108540
342700101541
320200104542
632700107543
322200100544
328700103545
432200106546
302700109547
326200102548
232700105549
232090106550
382040109551
324090102552
032040105553
362090108554
322040101555
832090104556
342040107557
320090100558
632040103559
632006104560
322001107561
328006100562
432001103563
302006106564
326001109565
232006102566
382001105567
324006108568
032001101569
032300102570
362800105571
322300108572
832800101573
342300104574
320800107575
632300100576
322800103577
328300106578
432800109579
432000100580
302050103581
326000106582
232050109583
382000102584
324050105585
032000108586
362050101587
322000104588
832050107589
832007108590
342002101591
320007104592
632002107593
322007100594
328002103595
432007106596
302002109597
326007102598
232002105599
032007710600
362002010601
322007310602
832002610603
342007910604
320002210605
632007510606
322002810607
328007110608
432002410609
432400510610
302900810611
326400110612
232900410613
382400710614
324900010615
032400310616
362900610617
322400910618
832900210619
832010310620
342060610621
320010910622
632060210623
322010510624
328060810625
432010110626
302060410627
326010710628
232060010629
232008110630
382003410631
324008710632
032003010633
362008310634
322003610635
832008910636
342003210637
320008510638
632003810639
632500910640
322000210641
328500510642
432000810643
302500110644
326000410645
232500710646
382000010647
324500310648
032000610649
032020710650
362070010651
322020310652
832070610653
342020910654
320070210655
632020510656
322070810657
328020110658
432070410659
432009510660
302004810661
326009110662
232004410663
382009710664
324004010665
032009310666
362004610667
322009910668
832004210669
832600310670
342100610671
320600910672
632100210673
322600510674
328100810675
432600110676
302100410677
326600710678
232100010679
232030110680
382080410681
324030710682
032080010683
362030310684
322080610685
832030910686
342080210687
320030510688
632080810689
632000910690
322005210691
328000510692
432005810693
302000110694
326005410695
232000710696
382005010697
324000310698
032005610699
832000180700
342005110701
320000140702
632005170703
322000100704
328005130705
432000160706
302005190707
326000120708
232005150709
232700160710
382200190711
324700120712
032200150713
362700180714
322200110715
832700140716
342200170717
320700100718
632200130719
632040140720
322090170721
328040100722
432090130723
302040160724
326090190725
232040120726
382090150727
324040180728
032090110729
032001120730
362006150731
322001180732
832006110733
342001140734
320006170735
632001100736
322006130737
328001160738
432006190739
432800100740
302300130741
326800160742
232300190743
382800120744
324300150745
032800180746
362300110747
322800140748
832300170749
832050180750
342000110751
320050140752
632000170753
322050100754
328000130755
432050160756
302000190757
326050120758
232000150759
232002160760
382007190761
324002120762
032007150763
362002180764
322007110765
832002140766
342007170767
320002100768
632007130769
632900140770
322400170771
328900100772
432400130773
302900160774
326400190775
232900120776
382400150777
324900180778
032400110779
032060120780
362010150781
322060180782
832010110783
342060140784
320010170785
632060100786
322010130787
328060160788
432010190789
432003100790
302008130791
326003160792
232008190793
382003120794
324008150795
032003180796
362008110797
322003140798
832008170799
632003109800
322008102801
328003105802
432008108803
302003101804
326008104805
232003107806
382008100807
324003103808
032008106809
032000107810
362500100811
322000103812
832500106813
342000109814
320500102815
632000105816
322500108817
328000101818
432500104819
432070105820
302020108821
326070101822
232020104823
382070107824
324020100825
032070103826
362020106827
322070109828
832020102829
832004103830
342009106831
320004109832
632009102833
322004105834
328009108835
432004101836
302009104837
326004107838
232009100839
232100101840
382600104841
324100107842
032600100843
362100103844
322600106845
832100109846
342600102847
320100105848
632600108849
632080109850
322030102851
328080105852
432030108853
302080101854
326030104855
232080107856
382030100857
324080103858
032030106859
032005107860
362000100861
322005103862
832000106863
342005109864
320000102865
632005105866
322000108867
328005101868
432000104869
432200105870
302700108871
326200101872
232700104873
382200107874
324700100875
032200103876
362700106877
322200109878
832700102879
832090103880
342040106881
320090109882
632040102883
322090105884
328040108885
432090101886
302040104887
326090107888
232040100889
232006101890
382001104891
324006107892
032001100893
362006103894
322001106895
832006109896
342001102897
320006105898
632001108899
432006010900
302001310901
326006610902
232001910903
382006210904
324001510905
032006810906
362001110907
322006410908
832001710909
832300810910
342800110911
320300410912
632800710913
322300010914
328800310915
432300610916
302800910917
326300210918
232800510919
232000610920
382050910921
324000210922
032050510923
362000810924
322050110925
832000410926
342050710927
320000010928
632050310929
632007410930
322002710931
328007010932
432002310933
302007610934
326002910935
232007210936
382002510937
324007810938
032002110939
032400210940
362900510941
322400810942
832900110943
342400410944
320900710945
632400010946
322900310947
328400610948
432900910949
432010010950
302060310951
326010610952
232060910953
382010210954
324060510955
032010810956
362060110957
322010410958
832060710959
832008810960
342003110961
320008410962
632003710963
322008010964
328003310965
432008610966
302003910967
326008210968
232003510969
232500610970
382000910971
324500210972
032000510973
362500810974
322000110975
832500410976
342000710977
320500010978
632000310979
632020410980
322070710981
328020010982
432070310983
302020610984
326070910985
232020210986
382070510987
324020810988
032070110989
032009210990
362004510991
322009810992
832004110993
342009410994
320004710995
632009010996
322004310997
328009610998
432004910999
432008711000