302003011001
326008311002
232003611003
382008911004
324003211005
032008511006
362003811007
322008111008
832003411009
832500511010
342000811011
320500111012
632000411013
322500711014
328000011015
432500311016
302000611017
326500911018
232000211019
232020311020
382070611021
324020911022
032070211023
362020511024
322070811025
832020111026
342070411027
320020711028
632070011029
632009111030
322004411031
328009711032
432004011033
302009311034
326004611035
232009911036
382004211037
324009511038
032004811039
032600911040
362100211041
322600511042
832100811043
342600111044
320100411045
632600711046
322100011047
328600311048
432100611049
432030711050
302080011051
326030311052
232080611053
382030911054
324080211055
032030511056
362080811057
322030111058
832080411059
832000511060
342005811061
320000111062
632005411063
322000711064
328005011065
432000311066
302005611067
326000911068
232005211069
232700311070
382200611071
324700911072
032200211073
362700511074
322200811075
832700111076
342200411077
320700711078
632200011079
632040111080
322090411081
328040711082
432090011083
302040311084
326090611085
232040911086
382090211087
324040511088
032090811089
032001911090
362006211091
322001511092
832006811093
342001111094
320006411095
632001711096
322006011097
328001311098
432006611099
232001181100
382006111101
324001141102
032006171103
362001101104
322006131105
832001161106
342006191107
320001121108
632006151109
632800161110
322300191111
328800121112
432300151113
302800181114
326300111115
232800141116
382300171117
324800101118
032300131119
032050141120
362000171121
322050101122
832000131123
342050161124
320000191125
632050121126
322000151127
328050181128
432000111129
432002121130
302007151131
326002181132
232007111133
382002141134
324007171135
032002101136
362007131137
322002161138
832007191139
832900101140
342400131141
320900161142
632400191143
322900121144
328400151145
432900181146
302400111147
326900141148
232400171149
232060181150
382010111151
324060141152
032010171153
362060101154
322010131155
832060161156
342010191157
320060121158
632010151159
632003161160
322008191161
328003121162
432008151163
302003181164
326008111165
232003141166
382008171167
324003101168
032008131169
032000141170
362500171171
322000101172
832500131173
342000161174
320500191175
632000121176
322500151177
328000181178
432500111179
432070121180
302020151181
326070181182
232020111183
382070141184
324020171185
032070101186
362020131187
322070161188
832020191189
832004101190
342009131191
320004161192
632009191193
322004121194
328009151195
432004181196
302009111197
326004141198
232009171199
032004119200
362009112201
322004115202
832009118203
342004111204
320009114205
632004117206
322009110207
328004113208
432009116209
432100117210
302600110211
326100113212
232600116213
382100119214
324600112215
032100115216
362600118217
322100111218
832600114219
832080115220
342030118221
320080111222
632030114223
322080117224
328030110225
432080113226
302030116227
326080119228
232030112229
232005113230
382000116231
324005119232
032000112233
362005115234
322000118235
832005111236
342000114237
320005117238
632000110239
632200111240
322700114241
328200117242
432700110243
302200113244
326700116245
232200119246
382700112247
324200115248
032700118249
032090119250
362040112251
322090115252
832040118253
342090111254
320040114255
632090117256
322040110257
328090113258
432040116259
432006117260
302001110261
326006113262
232001116263
382006119264
324001112265
032006115266
362001118267
322006111268
832001114269
832300115270
342800118271
320300111272
632800114273
322300117274
328800110275
432300113276
302800116277
326300119278
232800112279
232000113280
382050116281
324000119282
032050112283
362000115284
322050118285
832000111286
342050114287
320000117288
632050110289
632007111290
322002114291
328007117292
432002110293
302007113294
326002116295
232007119296
382002112297
324007115298
032002118299
832007011300
342002311301
320007611302
632002911303
322007211304
328002511305
432007811306
302002111307
326007411308
232002711309
232400811310
382900111311
324400411312
032900711313
362400011314
322900311315
832400611316
342900911317
320400211318
632900511319
632010611320
322060911321
328010211322
432060511323
302010811324
326060111325
232010411326
382060711327
324010011328
032060311329
032008411330
362003711331
322008011332
832003311333
342008611334
320003911335
632008211336
322003511337
328008811338
432003111339
432500211340
302000511341
326500811342
232000111343
382500411344
324000711345
032500011346
362000311347
322500611348
832000911349
832020011350
342070311351
320020611352
632070911353
322020211354
328070511355
432020811356
302070111357
326020411358
232070711359
232009811360
382004111361
324009411362
032004711363
362009011364
322004311365
832009611366
342004911367
320009211368
632004511369
632600611370
322100911371
328600211372
432100511373
302600811374
326100111375
232600411376
382100711377
324600011378
032100311379
032030411380
362080711381
322030011382
832080311383
342030611384
320080911385
632030211386
322080511387
328030811388
432080111389
432000211390
302005511391
326000811392
232005111393
382000411394
324005711395
032000011396
362005311397
322000611398
832005911399
632000111400
322005141401
328000171402
432005101403
302000131404
326005161405
232000191406
382005121407
324000151408
032005181409
032700191410
362200121411
322700151412
832200181413
342700111414
320200141415
632700171416
322200101417
328700131418
432200161419
432040171420
302090101421
326040131422
232090161423
382040191424
324090121425
032040151426
362090181427
322040111428
832090141429
832001151430
342006181431
320001111432
632006141433
322001171434
328006101435
432001131436
302006161437
326001191438
232006121439
232800131440
382300161441
324800191442
032300121443
362800151444
322300181445
832800111446
342300141447
320800171448
632300101449
632050111450
322000141451
328050171452
432000101453
302050131454
326000161455
232050191456
382000121457
324050151458
032000181459
032002191460
362007121461
322002151462
832007181463
342002111464
320007141465
632002171466
322007101467
328002131468
432007161469
432900171470
302400101471
326900131472
232400161473
382900191474
324400121475
032900151476
362400181477
322900111478
832400141479
832060151480
342010181481
320060111482
632010141483
322060171484
328010101485
432060131486
302010161487
326060191488
232010121489
232003131490
382008161491
324003191492
032008121493
362003151494
322008181495
832003111496
342008141497
320003171498
632008101499
432003112500
302008115501
326003118502
232008111503
382003114504
324008117505
032003110506
362008113507
322003116508
832008119509
832000110510
342500113511
320000116512
632500119513
322000112514
328500115515
432000118516
302500111517
326000114518
232500117519
232070118520
382020111521
324070114522
032020117523
362070110524
322020113525
832070116526
342020119527
320070112528
632020115529
632004116530
322009119531
328004112532
432009115533
302004118534
326009111535
232004114536
382009117537
324004110538
032009113539
032100114540
362600117541
322100110542
832600113543
342100116544
320600119545
632100112546
322600115547
328100118548
432600111549
432080112550
302030115551
326080118552
232030111553
382080114554
324030117555
032080110556
362030113557
322080116558
832030119559
832005110560
342000113561
320005116562
632000119563
322005112564
328000115565
432005118566
302000111567
326005114568
232000117569
232200118570
382700111571
324200114572
032700117573
362200110574
322700113575
832200116576
342700119577
320200112578
632700115579
632090116580
322040119581
328090112582
432040115583
302090118584
326040111585
232090114586
382040117587
324090110588
032040113589
032006114590
362001117591
322006110592
832001113593
342006116594
320001119595
632006112596
322001115597
328006118598
432001111599
232006311600
382001611601
324006911602
032001211603
362006511604
322001811605
832006111606
342001411607
320006711608
632001011609
632300111610
322800411611
328300711612
432800011613
302300311614
326800611615
232300911616
382800211617
324300511618
032800811619
032000911620
362050211621
322000511622
832050811623
342000111624
320050411625
632000711626
322050011627
328000311628
432050611629
432007711630
302002011631
326007311632
232002611633
382007911634
324002211635
032007511636
362002811637
322007111638
832002411639
832400511640
342900811641
320400111642
632900411643
322400711644
328900011645
432400311646
302900611647
326400911648
232900211649
232010311650
382060611651
324010911652
032060211653
362010511654
322060811655
832010111656
342060411657
320010711658
632060011659
632008111660
322003411661
328008711662
432003011663
302008311664
326003611665
232008911666
382003211667
324008511668
032003811669
032500911670
362000211671
322500511672
832000811673
342500111674
320000411675
632500711676
322000011677
328500311678
432000611679
432020711680
302070011681
326020311682
232070611683
382020911684
324070211685
032020511686
362070811687
322020111688
832070411689
832009511690
342004811691
320009111692
632004411693
322009711694
328004011695
432009311696
302004611697
326009911698
232004211699
032009141700
362004171701
322009101702
832004131703
342009161704
320004191705
632009121706
322004151707
328009181708
432004111709
432600121710
302100151711
326600181712
232100111713
382600141714
324100171715
032600101716
362100131717
322600161718
832100191719
832030101720
342080131721
320030161722
632080191723
322030121724
328080151725
432030181726
302080111727
326030141728
232080171729
232000181730
382005111731
324000141732
032005171733
362000101734
322005131735
832000161736
342005191737
320000121738
632005151739
632700161740
322200191741
328700121742
432200151743
302700181744
326200111745
232700141746
382200171747
324700101748
032200131749
032040141750
362090171751
322040101752
832090131753
342040161754
320090191755
632040121756
322090151757
328040181758
432090111759
432001121760
302006151761
326001181762
232006111763
382001141764
324006171765
032001101766
362006131767
322001161768
832006191769
832800101770
342300131771
320800161772
632300191773
322800121774
328300151775
432800181776
302300111777
326800141778
232300171779
232050181780
382000111781
324050141782
032000171783
362050101784
322000131785
832050161786
342000191787
320050121788
632000151789
632002161790
322007191791
328002121792
432007151793
302002181794
326007111795
232002141796
382007171797
324002101798
032007131799
832002115800
342007118801
320002111802
632007114803
322002117804
328007110805
432002113806
302007116807
326002119808
232007112809
232900113810
382400116811
324900119812
032400112813
362900115814
322400118815
832900111816
342400114817
320900117818
632400110819
632060111820
322010114821
328060117822
432010110823
302060113824
326010116825
232060119826
382010112827
324060115828
032010118829
032003119830
362008112831
322003115832
832008118833
342003111834
320008114835
632003117836
322008110837
328003113838
432008116839
432000117840
302500110841
326000113842
232500116843
382000119844
324500112845
032000115846
362500118847
322000111848
832500114849
832070115850
342020118851
320070111852
632020114853
322070117854
328020110855
432070113856
302020116857
326070119858
232020112859
232004113860
382009116861
324004119862
032009112863
362004115864
322009118865
832004111866
342009114867
320004117868
632009110869
632100111870
322600114871
328100117872
432600110873
302100113874
326600116875
232100119876
382600112877
324100115878
032600118879
032080119880
362030112881
322080115882
832030118883
342080111884
320030114885
632080117886
322030110887
328080113888
432030116889
432005117890
302000110891
326005113892
232000116893
382005119894
324000112895
032005115896
362000118897
322005111898
832000114899
632005611900
322000911901
328005211902
432000511903
302005811904
326000111905
232005411906
382000711907
324005011908
032000311909
032200411910
362700711911
322200011912
832700311913
342200611914
320700911915
632200211916
322700511917
328200811918
432700111919
432090211920
302040511921
326090811922
232040111923
382090411924
324040711925
032090011926
362040311927
322090611928
832040911929
832006011930
342001311931
320006611932
632001911933
322006211934
328001511935
432006811936
302001111937
326006411938
232001711939
232300811940
382800111941
324300411942
032800711943
362300011944
322800311945
832300611946
342800911947
320300211948
632800511949
632000611950
322050911951
328000211952
432050511953
302000811954
326050111955
232000411956
382050711957
324000011958
032050311959
032007411960
362002711961
322007011962
832002311963
342007611964
320002911965
632007211966
322002511967
328007811968
432002111969
432400211970
302900511971
326400811972
232900111973
382400411974
324900711975
032400011976
362900311977
322400611978
832900911979
832010011980
342060311981
320010611982
632060911983
322010211984
328060511985
432010811986
302060111987
326010411988
232060711989
232008811990
382003111991
324008411992
032003711993
362008011994
322003311995
832008611996
342003911997
320008211998
632003511999
632007312000