372001202001
323006502002
932001802003
352006102004
321001402005
732006702006
332001002007
329006302008
532001602009
532300702010
312800002011
327300302012
332800602013
392300902014
325800202015
132300502016
372800802017
323300102018
932800402019
932000502020
352050802021
321000102022
732050402023
332000702024
329050002025
532000302026
312050602027
327000902028
332050202029
332007302030
392002602031
325007902032
132002202033
372007502034
323002802035
932007102036
352002402037
321007702038
732002002039
732400102040
332900402041
329400702042
532900002043
312400302044
327900602045
332400902046
392900202047
325400502048
132900802049
132010902050
372060202051
323010502052
932060802053
352010102054
321060402055
732010702056
332060002057
329010302058
532060602059
532008702060
312003002061
327008302062
332003602063
392008902064
325003202065
132008502066
372003802067
323008102068
932003402069
932500502070
352000802071
321500102072
732000402073
332500702074
329000002075
532500302076
312000602077
327500902078
332000202079
332020302080
392070602081
325020902082
132070202083
372020502084
323070802085
932020102086
352070402087
321020702088
732070002089
732009102090
332004402091
329009702092
532004002093
312009302094
327004602095
332009902096
392004202097
325009502098
132004802099
932009002100
352004032101
321009062102
732004092103
332009022104
329004052105
532009082106
312004012107
327009042108
332004072109
332600082110
392100012111
325600042112
132100072113
372600002114
323100032115
932600062116
352100092117
321600022118
732100052119
732030062120
332080092121
329030022122
532080052123
312030082124
327080012125
332030042126
392080072127
325030002128
132080032129
132000042130
372005072131
323000002132
932005032133
352000062134
321005092135
732000022136
332005052137
329000082138
532005012139
532700022140
312200052141
327700082142
332200012143
392700042144
325200072145
132700002146
372200032147
323700062148
932200092149
932040002150
352090032151
321040062152
732090092153
332040022154
329090052155
532040082156
312090012157
327040042158
332090072159
332001082160
392006012161
325001042162
132006072163
372001002164
323006032165
932001062166
352006092167
321001022168
732006052169
732800062170
332300092171
329800022172
532300052173
312800082174
327300012175
332800042176
392300072177
325800002178
132300032179
132050042180
372000072181
323050002182
932000032183
352050062184
321000092185
732050022186
332000052187
329050082188
532000012189
532002022190
312007052191
327002082192
332007012193
392002042194
325007072195
132002002196
372007032197
323002062198
932007092199
732002021200
332007024201
329002027202
532007020203
312002023204
327007026205
332002029206
392007022207
325002025208
132007028209
132900029210
372400022211
323900025212
932400028213
352900021214
321400024215
732900027216
332400020217
329900023218
532400026219
532060027220
312010020221
327060023222
332010026223
392060029224
325010022225
132060025226
372010028227
323060021228
932010024229
932003025230
352008028231
321003021232
732008024233
332003027234
329008020235
532003023236
312008026237
327003029238
332008022239
332000023240
392500026241
325000029242
132500022243
372000025244
323500028245
932000021246
352500024247
321000027248
732500020249
732070021250
332020024251
329070027252
532020020253
312070023254
327020026255
332070029256
392020022257
325070025258
132020028259
132004029260
372009022261
323004025262
932009028263
352004021264
321009024265
732004027266
332009020267
329004023268
532009026269
532100027270
312600020271
327100023272
332600026273
392100029274
325600022275
132100025276
372600028277
323100021278
932600024279
932080025280
352030028281
321080021282
732030024283
332080027284
329030020285
532080023286
312030026287
327080029288
332030022289
332005023290
392000026291
325005029292
132000022293
372005025294
323000028295
932005021296
352000024297
321005027298
732000020299
532005202300
312000502301
327005802302
332000102303
392005402304
325000702305
132005002306
372000302307
323005602308
932000902309
932200002310
352700302311
321200602312
732700902313
332200202314
329700502315
532200802316
312700102317
327200402318
332700702319
332090802320
392040102321
325090402322
132040702323
372090002324
323040302325
932090602326
352040902327
321090202328
732040502329
732006602330
332001902331
329006202332
532001502333
312006802334
327001102335
332006402336
392001702337
325006002338
132001302339
132300402340
372800702341
323300002342
932800302343
352300602344
321800902345
732300202346
332800502347
329300802348
532800102349
532000202350
312050502351
327000802352
332050102353
392000402354
325050702355
132000002356
372050302357
323000602358
932050902359
932007002360
352002302361
321007602362
732002902363
332007202364
329002502365
532007802366
312002102367
327007402368
332002702369
332400802370
392900102371
325400402372
132900702373
372400002374
323900302375
932400602376
352900902377
321400202378
732900502379
732010602380
332060902381
329010202382
532060502383
312010802384
327060102385
332010402386
392060702387
325010002388
132060302389
132008402390
372003702391
323008002392
932003302393
352008602394
321003902395
732008202396
332003502397
329008802398
532003102399
332008032400
392003062401
325008092402
132003022403
372008052404
323003082405
932008012406
352003042407
321008072408
732003002409
732500012410
332000042411
329500072412
532000002413
312500032414
327000062415
332500092416
392000022417
325500052418
132000082419
132020092420
372070022421
323020052422
932070082423
352020012424
321070042425
732020072426
332070002427
329020032428
532070062429
532009072430
312004002431
327009032432
332004062433
392009092434
325004022435
132009052436
372004082437
323009012438
932004042439
932600052440
352100082441
321600012442
732100042443
332600072444
329100002445
532600032446
312100062447
327600092448
332100022449
332030032450
392080062451
325030092452
132080022453
372030052454
323080082455
932030012456
352080042457
321030072458
732080002459
732000012460
332005042461
329000072462
532005002463
312000032464
327005062465
332000092466
392005022467
325000052468
132005082469
132700092470
372200022471
323700052472
932200082473
352700012474
321200042475
732700072476
332200002477
329700032478
532200062479
532040072480
312090002481
327040032482
332090062483
392040092484
325090022485
132040052486
372090082487
323040012488
932090042489
932001052490
352006082491
321001012492
732006042493
332001072494
329006002495
532001032496
312006062497
327001092498
332006022499
132001024500
372006027501
323001020502
932006023503
352001026504
321006029505
732001022506
332006025507
329001028508
532006021509
532800022510
312300025511
327800028512
332300021513
392800024514
325300027515
132800020516
372300023517
323800026518
932300029519
932050020520
352000023521
321050026522
732000029523
332050022524
329000025525
532050028526
312000021527
327050024528
332000027529
332002028530
392007021531
325002024532
132007027533
372002020534
323007023535
932002026536
352007029537
321002022538
732007025539
732900026540
332400029541
329900022542
532400025543
312900028544
327400021545
332900024546
392400027547
325900020548
132400023549
132060024550
372010027551
323060020552
932010023553
352060026554
321010029555
732060022556
332010025557
329060028558
532010021559
532003022560
312008025561
327003028562
332008021563
392003024564
325008027565
132003020566
372008023567
323003026568
932008029569
932000020570
352500023571
321000026572
732500029573
332000022574
329500025575
532000028576
312500021577
327000024578
332500027579
332070028580
392020021581
325070024582
132020027583
372070020584
323020023585
932070026586
352020029587
321070022588
732020025589
732004026590
332009029591
329004022592
532009025593
312004028594
327009021595
332004024596
392009027597
325004020598
132009023599
932004502600
352009802601
321004102602
732009402603
332004702604
329009002605
532004302606
312009602607
327004902608
332009202609
332100302610
392600602611
325100902612
132600202613
372100502614
323600802615
932100102616
352600402617
321100702618
732600002619
732080102620
332030402621
329080702622
532030002623
312080302624
327030602625
332080902626
392030202627
325080502628
132030802629
132005902630
372000202631
323005502632
932000802633
352005102634
321000402635
732005702636
332000002637
329005302638
532000602639
532200702640
312700002641
327200302642
332700602643
392200902644
325700202645
132200502646
372700802647
323200102648
932700402649
932090502650
352040802651
321090102652
732040402653
332090702654
329040002655
532090302656
312040602657
327090902658
332040202659
332006302660
392001602661
325006902662
132001202663
372006502664
323001802665
932006102666
352001402667
321006702668
732001002669
732300102670
332800402671
329300702672
532800002673
312300302674
327800602675
332300902676
392800202677
325300502678
132800802679
132000902680
372050202681
323000502682
932050802683
352000102684
321050402685
732000702686
332050002687
329000302688
532050602689
532007702690
312002002691
327007302692
332002602693
392007902694
325002202695
132007502696
372002802697
323007102698
932002402699
732007062700
332002092701
329007022702
532002052703
312007082704
327002012705
332007042706
392002072707
325007002708
132002032709
132400042710
372900072711
323400002712
932900032713
352400062714
321900092715
732400022716
332900052717
329400082718
532900012719
532010022720
312060052721
327010082722
332060012723
392010042724
325060072725
132010002726
372060032727
323010062728
932060092729
932008002730
352003032731
321008062732
732003092733
332008022734
329003052735
532008082736
312003012737
327008042738
332003072739
332500082740
392000012741
325500042742
132000072743
372500002744
323000032745
932500062746
352000092747
321500022748
732000052749
732020062750
332070092751
329020022752
532070052753
312020082754
327070012755
332020042756
392070072757
325020002758
132070032759
132009042760
372004072761
323009002762
932004032763
352009062764
321004092765
732009022766
332004052767
329009082768
532004012769
532600022770
312100052771
327600082772
332100012773
392600042774
325100072775
132600002776
372100032777
323600062778
932100092779
932030002780
352080032781
321030062782
732080092783
332030022784
329080052785
532030082786
312080012787
327030042788
332080072789
332000082790
392005012791
325000042792
132005072793
372000002794
323005032795
932000062796
352005092797
321000022798
732005052799
532000027800
312005020801
327000023802
332005026803
392000029804
325005022805
132000025806
372005028807
323000021808
932005024809
932700025810
352200028811
321700021812
732200024813
332700027814
329200020815
532700023816
312200026817
327700029818
332200022819
332040023820
392090026821
325040029822
132090022823
372040025824
323090028825
932040021826
352090024827
321040027828
732090020829
732001021830
332006024831
329001027832
532006020833
312001023834
327006026835
332001029836
392006022837
325001025838
132006028839
132800029840
372300022841
323800025842
932300028843
352800021844
321300024845
732800027846
332300020847
329800023848
532300026849
532050027850
312000020851
327050023852
332000026853
392050029854
325000022855
132050025856
372000028857
323050021858
932000024859
932002025860
352007028861
321002021862
732007024863
332002027864
329007020865
532002023866
312007026867
327002029868
332007022869
332900023870
392400026871
325900029872
132400022873
372900025874
323400028875
932900021876
352400024877
321900027878
732400020879
732060021880
332010024881
329060027882
532010020883
312060023884
327010026885
332060029886
392010022887
325060025888
132010028889
132003029890
372008022891
323003025892
932008028893
352003021894
321008024895
732003027896
332008020897
329003023898
532008026899
332003802900
392008102901
325003402902
132008702903
372003002904
323008302905
932003602906
352008902907
321003202908
732008502909
732000602910
332500902911
329000202912
532500502913
312000802914
327500102915
332000402916
392500702917
325000002918
132500302919
132070402920
372020702921
323070002922
932020302923
352070602924
321020902925
732070202926
332020502927
329070802928
532020102929
532004202930
312009502931
327004802932
332009102933
392004402934
325009702935
132004002936
372009302937
323004602938
932009902939
932100002940
352600302941
321100602942
732600902943
332100202944
329600502945
532100802946
312600102947
327100402948
332600702949
332080802950
392030102951
325080402952
132030702953
372080002954
323030302955
932080602956
352030902957
321080202958
732030502959
732005602960
332000902961
329005202962
532000502963
312005802964
327000102965
332005402966
392000702967
325005002968
132000302969
132200402970
372700702971
323200002972
932700302973
352200602974
321700902975
732200202976
332700502977
329200802978
532700102979
532090202980
312040502981
327090802982
332040102983
392090402984
325040702985
132090002986
372040302987
323090602988
932040902989
932006002990
352001302991
321006602992
732001902993
332006202994
329001502995
532006802996
312001102997
327006402998
332001702999
332005503000