312004409001
327009709002
332004009003
392009309004
325004609005
132009909006
372004209007
323009509008
932004809009
932600909010
352100209011
321600509012
732100809013
332600109014
329100409015
532600709016
312100009017
327600309018
332100609019
332030709020
392080009021
325030309022
132080609023
372030909024
323080209025
932030509026
352080809027
321030109028
732080409029
732000509030
332005809031
329000109032
532005409033
312000709034
327005009035
332000309036
392005609037
325000909038
132005209039
132700309040
372200609041
323700909042
932200209043
352700509044
321200809045
732700109046
332200409047
329700709048
532200009049
532040109050
312090409051
327040709052
332090009053
392040309054
325090609055
132040909056
372090209057
323040509058
932090809059
932001909060
352006209061
321001509062
732006809063
332001109064
329006409065
532001709066
312006009067
327001309068
332006609069
332800709070
392300009071
325800309072
132300609073
372800909074
323300209075
932800509076
352300809077
321800109078
732300409079
732050509080
332000809081
329050109082
532000409083
312050709084
327000009085
332050309086
392000609087
325050909088
132000209089
132002309090
372007609091
323002909092
932007209093
352002509094
321007809095
732002109096
332007409097
329002709098
532007009099
332002029100
392007059101
325002089102
132007019103
372002049104
323007079105
932002009106
352007039107
321002069108
732007099109
732900009110
332400039111
329900069112
532400099113
312900029114
327400059115
332900089116
392400019117
325900049118
132400079119
132060089120
372010019121
323060049122
932010079123
352060009124
321010039125
732060069126
332010099127
329060029128
532010059129
532003069130
312008099131
327003029132
332008059133
392003089134
325008019135
132003049136
372008079137
323003009138
932008039139
932000049140
352500079141
321000009142
732500039143
332000069144
329500099145
532000029146
312500059147
327000089148
332500019149
332070029150
392020059151
325070089152
132020019153
372070049154
323020079155
932070009156
352020039157
321070069158
732020099159
732004009160
332009039161
329004069162
532009099163
312004029164
327009059165
332004089166
392009019167
325004049168
132009079169
132100089170
372600019171
323100049172
932600079173
352100009174
321600039175
732100069176
332600099177
329100029178
532600059179
532080069180
312030099181
327080029182
332030059183
392080089184
325030019185
132080049186
372030079187
323080009188
932030039189
932005049190
352000079191
321005009192
732000039193
332005069194
329000099195
532005029196
312000059197
327005089198
332000019199
132005093200
372000096201
323005099202
932000092203
352005095204
321000098205
732005091206
332000094207
329005097208
532000090209
532200091210
312700094211
327200097212
332700090213
392200093214
325700096215
132200099216
372700092217
323200095218
932700098219
932090099220
352040092221
321090095222
732040098223
332090091224
329040094225
532090097226
312040090227
327090093228
332040096229
332006097230
392001090231
325006093232
132001096233
372006099234
323001092235
932006095236
352001098237
321006091238
732001094239
732300095240
332800098241
329300091242
532800094243
312300097244
327800090245
332300093246
392800096247
325300099248
132800092249
132000093250
372050096251
323000099252
932050092253
352000095254
321050098255
732000091256
332050094257
329000097258
532050090259
532007091260
312002094261
327007097262
332002090263
392007093264
325002096265
132007099266
372002092267
323007095268
932002098269
932400099270
352900092271
321400095272
732900098273
332400091274
329900094275
532400097276
312900090277
327400093278
332900096279
332010097280
392060090281
325010093282
132060096283
372010099284
323060092285
932010095286
352060098287
321010091288
732060094289
732008095290
332003098291
329008091292
532003094293
312008097294
327003090295
332008093296
392003096297
325008099298
132003092299
932008409300
352003709301
321008009302
732003309303
332008609304
329003909305
532008209306
312003509307
327008809308
332003109309
332500209310
392000509311
325500809312
132000109313
372500409314
323000709315
932500009316
352000309317
321500609318
732000909319
732020009320
332070309321
329020609322
532070909323
312020209324
327070509325
332020809326
392070109327
325020409328
132070709329
132009809330
372004109331
323009409332
932004709333
352009009334
321004309335
732009609336
332004909337
329009209338
532004509339
532600609340
312100909341
327600209342
332100509343
392600809344
325100109345
132600409346
372100709347
323600009348
932100309349
932030409350
352080709351
321030009352
732080309353
332030609354
329080909355
532030209356
312080509357
327030809358
332080109359
332000209360
392005509361
325000809362
132005109363
372000409364
323005709365
932000009366
352005309367
321000609368
732005909369
732700009370
332200309371
329700609372
532200909373
312700209374
327200509375
332700809376
392200109377
325700409378
132200709379
132040809380
372090109381
323040409382
932090709383
352040009384
321090309385
732040609386
332090909387
329040209388
532090509389
532001609390
312006909391
327001209392
332006509393
392001809394
325006109395
132001409396
372006709397
323001009398
932006309399
732001059400
332006089401
329001019402
532006049403
312001079404
327006009405
332001039406
392006069407
325001099408
132006029409
132800039410
372300069411
323800099412
932300029413
352800059414
321300089415
732800019416
332300049417
329800079418
532300009419
532050019420
312000049421
327050079422
332000009423
392050039424
325000069425
132050099426
372000029427
323050059428
932000089429
932002099430
352007029431
321002059432
732007089433
332002019434
329007049435
532002079436
312007009437
327002039438
332007069439
332900079440
392400009441
325900039442
132400069443
372900099444
323400029445
932900059446
352400089447
321900019448
732400049449
732060059450
332010089451
329060019452
532010049453
312060079454
327010009455
332060039456
392010069457
325060099458
132010029459
132003039460
372008069461
323003099462
932008029463
352003059464
321008089465
732003019466
332008049467
329003079468
532008009469
532000019470
312500049471
327000079472
332500009473
392000039474
325500069475
132000099476
372500029477
323000059478
932500089479
932070099480
352020029481
321070059482
732020089483
332070019484
329020049485
532070079486
312020009487
327070039488
332020069489
332004079490
392009009491
325004039492
132009069493
372004099494
323009029495
932004059496
352009089497
321004019498
732009049499
532004096500
312009099501
327004092502
332009095503
392004098504
325009091505
132004094506
372009097507
323004090508
932009093509
932100094510
352600097511
321100090512
732600093513
332100096514
329600099515
532100092516
312600095517
327100098518
332600091519
332080092520
392030095521
325080098522
132030091523
372080094524
323030097525
932080090526
352030093527
321080096528
732030099529
732005090530
332000093531
329005096532
532000099533
312005092534
327000095535
332005098536
392000091537
325005094538
132000097539
132200098540
372700091541
323200094542
932700097543
352200090544
321700093545
732200096546
332700099547
329200092548
532700095549
532090096550
312040099551
327090092552
332040095553
392090098554
325040091555
132090094556
372040097557
323090090558
932040093559
932006094560
352001097561
321006090562
732001093563
332006096564
329001099565
532006092566
312001095567
327006098568
332001091569
332300092570
392800095571
325300098572
132800091573
372300094574
323800097575
932300090576
352800093577
321300096578
732800099579
732000090580
332050093581
329000096582
532050099583
312000092584
327050095585
332000098586
392050091587
325000094588
132050097589
132007098590
372002091591
323007094592
932002097593
352007090594
321002093595
732007096596
332002099597
329007092598
532002095599
332007709600
392002009601
325007309602
132002609603
372007909604
323002209605
932007509606
352002809607
321007109608
732002409609
732400509610
332900809611
329400109612
532900409613
312400709614
327900009615
332400309616
392900609617
325400909618
132900209619
132010309620
372060609621
323010909622
932060209623
352010509624
321060809625
732010109626
332060409627
329010709628
532060009629
532008109630
312003409631
327008709632
332003009633
392008309634
325003609635
132008909636
372003209637
323008509638
932003809639
932500909640
352000209641
321500509642
732000809643
332500109644
329000409645
532500709646
312000009647
327500309648
332000609649
332020709650
392070009651
325020309652
132070609653
372020909654
323070209655
932020509656
352070809657
321020109658
732070409659
732009509660
332004809661
329009109662
532004409663
312009709664
327004009665
332009309666
392004609667
325009909668
132004209669
132600309670
372100609671
323600909672
932100209673
352600509674
321100809675
732600109676
332100409677
329600709678
532100009679
532030109680
312080409681
327030709682
332080009683
392030309684
325080609685
132030909686
372080209687
323030509688
932080809689
932000909690
352005209691
321000509692
732005809693
332000109694
329005409695
532000709696
312005009697
327000309698
332005609699
132000089700
372005019701
323000049702
932005079703
352000009704
321005039705
732000069706
332005099707
329000029708
532005059709
532700069710
312200099711
327700029712
332200059713
392700089714
325200019715
132700049716
372200079717
323700009718
932200039719
932040049720
352090079721
321040009722
732090039723
332040069724
329090099725
532040029726
312090059727
327040089728
332090019729
332001029730
392006059731
325001089732
132006019733
372001049734
323006079735
932001009736
352006039737
321001069738
732006099739
732800009740
332300039741
329800069742
532300099743
312800029744
327300059745
332800089746
392300019747
325800049748
132300079749
132050089750
372000019751
323050049752
932000079753
352050009754
321000039755
732050069756
332000099757
329050029758
532000059759
532002069760
312007099761
327002029762
332007059763
392002089764
325007019765
132002049766
372007079767
323002009768
932007039769
932900049770
352400079771
321900009772
732400039773
332900069774
329400099775
532900029776
312400059777
327900089778
332400019779
332060029780
392010059781
325060089782
132010019783
372060049784
323010079785
932060009786
352010039787
321060069788
732010099789
732003009790
332008039791
329003069792
532008099793
312003029794
327008059795
332003089796
392008019797
325003049798
132008079799
932003099800
352008092801
321003095802
732008098803
332003091804
329008094805
532003097806
312008090807
327003093808
332008096809
332000097810
392500090811
325000093812
132500096813
372000099814
323500092815
932000095816
352500098817
321000091818
732500094819
732070095820
332020098821
329070091822
532020094823
312070097824
327020090825
332070093826
392020096827
325070099828
132020092829
132004093830
372009096831
323004099832
932009092833
352004095834
321009098835
732004091836
332009094837
329004097838
532009090839
532100091840
312600094841
327100097842
332600090843
392100093844
325600096845
132100099846
372600092847
323100095848
932600098849
932080099850
352030092851
321080095852
732030098853
332080091854
329030094855
532080097856
312030090857
327080093858
332030096859
332005097860
392000090861
325005093862
132000096863
372005099864
323000092865
932005095866
352000098867
321005091868
732000094869
732200095870
332700098871
329200091872
532700094873
312200097874
327700090875
332200093876
392700096877
325200099878
132700092879
132090093880
372040096881
323090099882
932040092883
352090095884
321040098885
732090091886
332040094887
329090097888
532040090889
532006091890
312001094891
327006097892
332001090893
392006093894
325001096895
132006099896
372001092897
323006095898
932001098899
732006009900
332001309901
329006609902
532001909903
312006209904
327001509905
332006809906
392001109907
325006409908
132001709909
132300809910
372800109911
323300409912
932800709913
352300009914
321800309915
732300609916
332800909917
329300209918
532800509919
532000609920
312050909921
327000209922
332050509923
392000809924
325050109925
132000409926
372050709927
323000009928
932050309929
932007409930
352002709931
321007009932
732002309933
332007609934
329002909935
532007209936
312002509937
327007809938
332002109939
332400209940
392900509941
325400809942
132900109943
372400409944
323900709945
932400009946
352900309947
321400609948
732900909949
732010009950
332060309951
329010609952
532060909953
312010209954
327060509955
332010809956
392060109957
325010409958
132060709959
132008809960
372003109961
323008409962
932003709963
352008009964
321003309965
732008609966
332003909967
329008209968
532003509969
532500609970
312000909971
327500209972
332000509973
392500809974
325000109975
132500409976
372000709977
323500009978
932000309979
932020409980
352070709981
321020009982
732070309983
332020609984
329070909985
532020209986
312070509987
327020809988
332070109989
332009209990
392004509991
325009809992
132004109993
372009409994
323004709995
932009009996
352004309997
321009609998
732004909999
232009110000