372006207001
323001507002
932006807003
352001107004
321006407005
732001707006
332006007007
329001307008
532006607009
532800707010
312300007011
327800307012
332300607013
392800907014
325300207015
132800507016
372300807017
323800107018
932300407019
932050507020
352000807021
321050107022
732000407023
332050707024
329000007025
532050307026
312000607027
327050907028
332000207029
332002307030
392007607031
325002907032
132007207033
372002507034
323007807035
932002107036
352007407037
321002707038
732007007039
732900107040
332400407041
329900707042
532400007043
312900307044
327400607045
332900907046
392400207047
325900507048
132400807049
132060907050
372010207051
323060507052
932010807053
352060107054
321010407055
732060707056
332010007057
329060307058
532010607059
532003707060
312008007061
327003307062
332008607063
392003907064
325008207065
132003507066
372008807067
323003107068
932008407069
932000507070
352500807071
321000107072
732500407073
332000707074
329500007075
532000307076
312500607077
327000907078
332500207079
332070307080
392020607081
325070907082
132020207083
372070507084
323020807085
932070107086
352020407087
321070707088
732020007089
732004107090
332009407091
329004707092
532009007093
312004307094
327009607095
332004907096
392009207097
325004507098
132009807099
932004007100
352009037101
321004067102
732009097103
332004027104
329009057105
532004087106
312009017107
327004047108
332009077109
332100087110
392600017111
325100047112
132600077113
372100007114
323600037115
932100067116
352600097117
321100027118
732600057119
732080067120
332030097121
329080027122
532030057123
312080087124
327030017125
332080047126
392030077127
325080007128
132030037129
132005047130
372000077131
323005007132
932000037133
352005067134
321000097135
732005027136
332000057137
329005087138
532000017139
532200027140
312700057141
327200087142
332700017143
392200047144
325700077145
132200007146
372700037147
323200067148
932700097149
932090007150
352040037151
321090067152
732040097153
332090027154
329040057155
532090087156
312040017157
327090047158
332040077159
332006087160
392001017161
325006047162
132001077163
372006007164
323001037165
932006067166
352001097167
321006027168
732001057169
732300067170
332800097171
329300027172
532800057173
312300087174
327800017175
332300047176
392800077177
325300007178
132800037179
132000047180
372050077181
323000007182
932050037183
352000067184
321050097185
732000027186
332050057187
329000087188
532050017189
532007027190
312002057191
327007087192
332002017193
392007047194
325002077195
132007007196
372002037197
323007067198
932002097199
732007071200
332002074201
329007077202
532002070203
312007073204
327002076205
332007079206
392002072207
325007075208
132002078209
132400079210
372900072211
323400075212
932900078213
352400071214
321900074215
732400077216
332900070217
329400073218
532900076219
532010077220
312060070221
327010073222
332060076223
392010079224
325060072225
132010075226
372060078227
323010071228
932060074229
932008075230
352003078231
321008071232
732003074233
332008077234
329003070235
532008073236
312003076237
327008079238
332003072239
332500073240
392000076241
325500079242
132000072243
372500075244
323000078245
932500071246
352000074247
321500077248
732000070249
732020071250
332070074251
329020077252
532070070253
312020073254
327070076255
332020079256
392070072257
325020075258
132070078259
132009079260
372004072261
323009075262
932004078263
352009071264
321004074265
732009077266
332004070267
329009073268
532004076269
532600077270
312100070271
327600073272
332100076273
392600079274
325100072275
132600075276
372100078277
323600071278
932100074279
932030075280
352080078281
321030071282
732080074283
332030077284
329080070285
532030073286
312080076287
327030079288
332080072289
332000073290
392005076291
325000079292
132005072293
372000075294
323005078295
932000071296
352005074297
321000077298
732005070299
532000207300
312005507301
327000807302
332005107303
392000407304
325005707305
132000007306
372005307307
323000607308
932005907309
932700007310
352200307311
321700607312
732200907313
332700207314
329200507315
532700807316
312200107317
327700407318
332200707319
332040807320
392090107321
325040407322
132090707323
372040007324
323090307325
932040607326
352090907327
321040207328
732090507329
732001607330
332006907331
329001207332
532006507333
312001807334
327006107335
332001407336
392006707337
325001007338
132006307339
132800407340
372300707341
323800007342
932300307343
352800607344
321300907345
732800207346
332300507347
329800807348
532300107349
532050207350
312000507351
327050807352
332000107353
392050407354
325000707355
132050007356
372000307357
323050607358
932000907359
932002007360
352007307361
321002607362
732007907363
332002207364
329007507365
532002807366
312007107367
327002407368
332007707369
332900807370
392400107371
325900407372
132400707373
372900007374
323400307375
932900607376
352400907377
321900207378
732400507379
732060607380
332010907381
329060207382
532010507383
312060807384
327010107385
332060407386
392010707387
325060007388
132010307389
132003407390
372008707391
323003007392
932008307393
352003607394
321008907395
732003207396
332008507397
329003807398
532008107399
332003037400
392008067401
325003097402
132008027403
372003057404
323008087405
932003017406
352008047407
321003077408
732008007409
732000017410
332500047411
329000077412
532500007413
312000037414
327500067415
332000097416
392500027417
325000057418
132500087419
132070097420
372020027421
323070057422
932020087423
352070017424
321020047425
732070077426
332020007427
329070037428
532020067429
532004077430
312009007431
327004037432
332009067433
392004097434
325009027435
132004057436
372009087437
323004017438
932009047439
932100057440
352600087441
321100017442
732600047443
332100077444
329600007445
532100037446
312600067447
327100097448
332600027449
332080037450
392030067451
325080097452
132030027453
372080057454
323030087455
932080017456
352030047457
321080077458
732030007459
732005017460
332000047461
329005077462
532000007463
312005037464
327000067465
332005097466
392000027467
325005057468
132000087469
132200097470
372700027471
323200057472
932700087473
352200017474
321700047475
732200077476
332700007477
329200037478
532700067479
532090077480
312040007481
327090037482
332040067483
392090097484
325040027485
132090057486
372040087487
323090017488
932040047489
932006057490
352001087491
321006017492
732001047493
332006077494
329001007495
532006037496
312001067497
327006097498
332001027499
132006074500
372001077501
323006070502
932001073503
352006076504
321001079505
732006072506
332001075507
329006078508
532001071509
532300072510
312800075511
327300078512
332800071513
392300074514
325800077515
132300070516
372800073517
323300076518
932800079519
932000070520
352050073521
321000076522
732050079523
332000072524
329050075525
532000078526
312050071527
327000074528
332050077529
332007078530
392002071531
325007074532
132002077533
372007070534
323002073535
932007076536
352002079537
321007072538
732002075539
732400076540
332900079541
329400072542
532900075543
312400078544
327900071545
332400074546
392900077547
325400070548
132900073549
132010074550
372060077551
323010070552
932060073553
352010076554
321060079555
732010072556
332060075557
329010078558
532060071559
532008072560
312003075561
327008078562
332003071563
392008074564
325003077565
132008070566
372003073567
323008076568
932003079569
932500070570
352000073571
321500076572
732000079573
332500072574
329000075575
532500078576
312000071577
327500074578
332000077579
332020078580
392070071581
325020074582
132070077583
372020070584
323070073585
932020076586
352070079587
321020072588
732070075589
732009076590
332004079591
329009072592
532004075593
312009078594
327004071595
332009074596
392004077597
325009070598
132004073599
932009507600
352004807601
321009107602
732004407603
332009707604
329004007605
532009307606
312004607607
327009907608
332004207609
332600307610
392100607611
325600907612
132100207613
372600507614
323100807615
932600107616
352100407617
321600707618
732100007619
732030107620
332080407621
329030707622
532080007623
312030307624
327080607625
332030907626
392080207627
325030507628
132080807629
132000907630
372005207631
323000507632
932005807633
352000107634
321005407635
732000707636
332005007637
329000307638
532005607639
532700707640
312200007641
327700307642
332200607643
392700907644
325200207645
132700507646
372200807647
323700107648
932200407649
932040507650
352090807651
321040107652
732090407653
332040707654
329090007655
532040307656
312090607657
327040907658
332090207659
332001307660
392006607661
325001907662
132006207663
372001507664
323006807665
932001107666
352006407667
321001707668
732006007669
732800107670
332300407671
329800707672
532300007673
312800307674
327300607675
332800907676
392300207677
325800507678
132300807679
132050907680
372000207681
323050507682
932000807683
352050107684
321000407685
732050707686
332000007687
329050307688
532000607689
532002707690
312007007691
327002307692
332007607693
392002907694
325007207695
132002507696
372007807697
323002107698
932007407699
732002067700
332007097701
329002027702
532007057703
312002087704
327007017705
332002047706
392007077707
325002007708
132007037709
132900047710
372400077711
323900007712
932400037713
352900067714
321400097715
732900027716
332400057717
329900087718
532400017719
532060027720
312010057721
327060087722
332010017723
392060047724
325010077725
132060007726
372010037727
323060067728
932010097729
932003007730
352008037731
321003067732
732008097733
332003027734
329008057735
532003087736
312008017737
327003047738
332008077739
332000087740
392500017741
325000047742
132500077743
372000007744
323500037745
932000067746
352500097747
321000027748
732500057749
732070067750
332020097751
329070027752
532020057753
312070087754
327020017755
332070047756
392020077757
325070007758
132020037759
132004047760
372009077761
323004007762
932009037763
352004067764
321009097765
732004027766
332009057767
329004087768
532009017769
532100027770
312600057771
327100087772
332600017773
392100047774
325600077775
132100007776
372600037777
323100067778
932600097779
932080007780
352030037781
321080067782
732030097783
332080027784
329030057785
532080087786
312030017787
327080047788
332030077789
332005087790
392000017791
325005047792
132000077793
372005007794
323000037795
932005067796
352000097797
321005027798
732000057799
532005077800
312000070801
327005073802
332000076803
392005079804
325000072805
132005075806
372000078807
323005071808
932000074809
932200075810
352700078811
321200071812
732700074813
332200077814
329700070815
532200073816
312700076817
327200079818
332700072819
332090073820
392040076821
325090079822
132040072823
372090075824
323040078825
932090071826
352040074827
321090077828
732040070829
732006071830
332001074831
329006077832
532001070833
312006073834
327001076835
332006079836
392001072837
325006075838
132001078839
132300079840
372800072841
323300075842
932800078843
352300071844
321800074845
732300077846
332800070847
329300073848
532800076849
532000077850
312050070851
327000073852
332050076853
392000079854
325050072855
132000075856
372050078857
323000071858
932050074859
932007075860
352002078861
321007071862
732002074863
332007077864
329002070865
532007073866
312002076867
327007079868
332002072869
332400073870
392900076871
325400079872
132900072873
372400075874
323900078875
932400071876
352900074877
321400077878
732900070879
732010071880
332060074881
329010077882
532060070883
312010073884
327060076885
332010079886
392060072887
325010075888
132060078889
132008079890
372003072891
323008075892
932003078893
352008071894
321003074895
732008077896
332003070897
329008073898
532003076899
332008807900
392003107901
325008407902
132003707903
372008007904
323003307905
932008607906
352003907907
321008207908
732003507909
732500607910
332000907911
329500207912
532000507913
312500807914
327000107915
332500407916
392000707917
325500007918
132000307919
132020407920
372070707921
323020007922
932070307923
352020607924
321070907925
732020207926
332070507927
329020807928
532070107929
532009207930
312004507931
327009807932
332004107933
392009407934
325004707935
132009007936
372004307937
323009607938
932004907939
932600007940
352100307941
321600607942
732100907943
332600207944
329100507945
532600807946
312100107947
327600407948
332100707949
332030807950
392080107951
325030407952
132080707953
372030007954
323080307955
932030607956
352080907957
321030207958
732080507959
732000607960
332005907961
329000207962
532005507963
312000807964
327005107965
332000407966
392005707967
325000007968
132005307969
132700407970
372200707971
323700007972
932200307973
352700607974
321200907975
732700207976
332200507977
329700807978
532200107979
532040207980
312090507981
327040807982
332090107983
392040407984
325090707985
132040007986
372090307987
323040607988
932090907989
932001007990
352006307991
321001607992
732006907993
332001207994
329006507995
532001807996
312006107997
327001407998
332006707999
332000508000